   1.50996220         0.00000000    
   1.51148665         0.00000000    
   1.51301110         0.00000000    
   1.51453555         0.00000000    
   1.51605999         0.00000000    
   1.51758444         0.00000000    
   1.51910889         0.00000000    
   1.52063334         0.00000000    
   1.52215779         0.00000000    
   1.52368224         99.8346176    
   1.52520669        0.165380374    
   1.52673101         0.00000000    
   1.52825546         0.00000000    
   1.52977991         0.00000000    
   1.53130436         0.00000000    
   1.53282881         0.00000000    
   1.53435326         0.00000000    
   1.53587770         0.00000000    
   1.53740215         0.00000000    
   1.53892660         0.00000000    
