   1.00056672         7.53465965E-02
   1.05712223        0.339059681    
   1.11367774        0.730861962    
   1.17023337         2.55424953    
   1.22678888         5.36467743    
   1.28334439         6.52501488    
   1.33989990         6.07293558    
   1.39645553         6.78119326    
   1.45301104         12.2061481    
   1.50956655         24.7513561    
   1.56612206         15.9960823    
   1.62267756         7.39150095    
   1.67923307         4.15913200    
   1.73578870         2.81042790    
   1.79234421         1.88366485    
   1.84889972         1.28842676    
   1.90545523        0.504822195    
   1.96201086        0.316455692    
   2.01856637        0.218505129    
   2.07512188         3.01386379E-02
