   2.29263711         1.10375273    
   2.39363003         1.65562916    
   2.49462318         2.64900661    
   2.59561634         4.96688747    
   2.69660950         6.29139090    
   2.79760265         7.39514351    
   2.89859581         9.82339954    
   2.99958897         18.6534214    
   3.10058212         11.8101549    
   3.20157528         9.49227333    
   3.30256844         8.16777039    
   3.40356159         6.51214123    
   3.50455475         4.30463552    
   3.60554790         2.31788087    
   3.70654082         1.54525387    
   3.80753398         1.21412802    
   3.90852714        0.993377507    
   4.00952053        0.551876366    
   4.11051369        0.331125826    
   4.21150684        0.220750555    
