400
265 2 36 37 1
296 2 184 185 4
310 2 281 282 2
312 2 256 255 2
328 2 310 311 3
369 2 293 294 2
453 2 90 91 1
454 2 33 34 1
455 2 61 62 1
456 2 45 46 1
463 2 104 105 1
464 2 24 23 1
465 2 96 95 1
471 2 148 149 4
472 2 69 70 1
473 2 57 58 1
474 2 19 20 1
475 2 51 52 1
477 2 222 223 2
478 2 153 154 4
491 2 83 84 1
492 2 77 78 1
493 2 66 67 1
497 2 179 180 4
946 2 384 383 3
1027 2 304 305 2
1201 2 330 331 3
1202 2 382 383 3
1563 2 118 119 4
1635 2 216 215 2
1809 2 217 218 2
1921 2 128 127 4
1969 2 68 69 1
2059 2 88 87 1
2205 2 232 231 2
2222 2 218 219 2
2243 2 290 291 2
2261 2 214 215 2
2262 2 224 223 2
2346 2 285 286 2
2347 2 297 298 2
2348 2 331 332 3
2349 2 332 333 3
2350 2 384 385 3
2351 2 387 388 3
2658 2 58 59 1
2783 2 400 401 3
2823 2 65 66 1
2842 2 301 302 2
2881 2 149 150 4
2882 2 264 265 2
2969 2 243 244 2
2970 2 261 262 2
2997 2 120 119 4
3050 2 154 155 4
3122 2 104 103 1
3184 2 248 247 2
3185 2 256 257 2
3224 2 76 77 1
3225 2 245 246 2
3282 2 82 83 1
3331 2 24 25 1
3332 2 94 95 1
3333 2 180 181 4
3524 2 138 139 4
3525 2 140 141 4
3526 2 189 190 4
3527 2 258 259 2
3528 2 276 277 2
3651 2 20 21 1
3652 2 240 241 2
3822 2 202 203 4
3859 2 273 274 2
3889 2 288 289 2
3890 2 341 342 3
4346 2 305 306 2
4376 2 203 204 4
4445 2 333 334 3
4446 2 379 380 3
4785 2 225 226 2
4847 2 52 53 1
4848 2 152 151 4
5041 2 401 402 3
5056 2 302 303 2
5088 2 360 361 3
5178 2 128 129 4
5210 2 164 165 4
5260 2 139 140 4
5261 2 145 146 4
5331 2 195 196 4
5369 2 304 303 2
5440 2 249 250 2
5469 2 266 267 2
5486 2 147 148 4
5560 2 85 86 1
5613 2 242 243 2
5614 2 259 260 2
5624 2 236 237 2
5635 2 93 94 1
5636 2 289 290 2
5706 2 146 147 4
5768 2 277 278 2
5877 2 122 123 4
6039 2 192 193 4
6040 2 265 266 2
6041 2 272 271 2
6042 2 370 371 3
6087 2 298 299 2
6125 2 216 217 2
6161 2 244 245 2
6188 2 150 151 4
6235 2 342 343 3
6303 2 386 387 3
6320 2 257 258 2
6370 2 165 166 4
6374 2 144 145 4
6381 2 360 359 3
6387 2 176 175 4
6388 2 246 247 2
6400 2 197 198 4
6401 2 248 249 2
6402 2 368 369 3
6409 2 252 253 2
6415 2 262 263 2
6433 2 241 242 2
6466 2 260 261 2
6501 2 163 164 4
6519 2 267 268 2
6525 2 264 263 2
6531 2 37 38 1
6532 2 86 87 1
6533 2 224 225 2
6550 2 123 124 4
6656 2 251 252 2
6671 2 188 189 4
6687 2 369 370 3
6693 2 371 372 3
6697 2 272 273 2
6706 2 196 197 4
6735 2 278 279 2
6759 2 121 122 4
6777 2 232 233 2
6778 2 381 382 3
6787 2 250 251 2
6955 2 228 229 2
6977 2 338 339 3
6983 2 233 234 2
7121 2 220 221 2
7175 2 187 188 4
7176 2 219 220 2
7183 2 300 301 2
7194 2 380 381 3
7195 2 385 386 3
7313 2 299 300 2
7348 2 120 121 4
7435 2 114 115 4
7502 2 108 109 1
7579 2 306 307 2
7595 2 334 335 3
7660 2 113 114 4
7664 2 101 102 1
7665 2 200 201 4
7678 2 402 403 3
7681 2 320 319 3
7798 2 318 319 3
7801 2 307 308 2
7826 2 109 110 1
7843 2 204 205 4
7865 2 201 202 4
7867 2 102 103 1
9249 2 46 47 1
9250 2 62 63 1
9251 2 34 35 1
9252 2 89 90 1
9263 2 56 57 1
9264 2 54 55 1
9272 2 48 47 1
9274 2 67 68 1
9275 2 35 36 1
9276 2 78 79 1
9277 2 84 85 1
9278 2 88 89 1
9281 2 115 116 4
9296 2 208 207 4
9297 2 213 214 2
9301 2 56 55 1
9302 2 53 54 1
9304 2 141 142 4
9308 2 315 316 3
9309 2 317 318 3
9311 2 321 322 3
9315 2 324 325 3
9317 2 328 327 3
9318 2 329 330 3
9321 2 336 335 3
9323 2 339 340 3
9329 2 344 343 3
9330 2 345 346 3
9331 2 347 348 3
9336 2 355 356 3
9338 2 358 359 3
9341 2 363 364 3
9342 2 365 366 3
9344 2 368 367 3
9348 2 372 373 3
9354 2 393 394 3
9357 2 390 391 3
9358 2 396 397 3
9361 2 398 399 3
9365 2 403 404 3
9366 2 405 406 3
9368 2 286 287 2
9394 2 269 270 2
9399 2 125 126 4
9400 2 296 295 2
9408 2 193 194 4
9409 2 227 228 2
9412 2 14 15 1
9414 2 208 209 4
9418 2 170 171 4
9480 2 313 314 3
9481 2 314 315 3
9482 2 316 317 3
9485 2 320 321 3
9487 2 322 323 3
9488 2 323 324 3
9491 2 325 326 3
9492 2 326 327 3
9493 2 328 329 3
9499 2 337 338 3
9500 2 336 337 3
9503 2 340 341 3
9506 2 344 345 3
9508 2 346 347 3
9511 2 348 349 3
9513 2 353 354 3
9515 2 354 355 3
9516 2 356 357 3
9517 2 357 358 3
9520 2 361 362 3
9521 2 362 363 3
9522 2 364 365 3
9524 2 366 367 3
9529 2 373 374 3
9530 2 374 375 3
9538 2 392 391 3
9539 2 388 389 3
9541 2 392 393 3
9542 2 389 390 3
9545 2 394 395 3
9546 2 395 396 3
9548 2 397 398 3
9550 2 400 399 3
9554 2 404 405 3
9559 2 158 159 4
9566 2 283 284 2
9567 2 177 178 4
9585 2 238 239 2
9586 2 182 183 4
9590 2 40 39 1
9602 2 156 157 4
9612 2 130 131 4
9646 2 268 269 2
9668 2 144 143 4
9678 2 117 118 4
9695 2 192 191 4
9696 2 162 163 4
9697 2 229 230 2
9702 2 274 275 2
9703 2 205 206 4
9707 2 129 130 4
9712 2 172 173 4
9726 2 291 292 2
9728 2 198 199 4
9733 2 174 175 4
9736 2 312 313 3
9737 2 126 127 4
9738 2 294 295 2
9743 2 186 187 4
9744 2 253 254 2
9745 2 234 235 2
9746 2 168 167 4
9747 2 280 279 2
9808 2 155 156 4
9810 2 212 213 2
9836 2 16 15 1
9839 2 132 133 4
9842 2 4 309 2
9842 2 4 310 3
9843 2 2 111 1
9843 2 2 211 2
9844 2 408 3 3
9844 2 112 3 4
9859 2 160 161 4
9869 2 406 407 3
9872 2 29 30 1
9873 2 32 33 1
9874 2 18 19 1
9875 2 27 28 1
9876 2 96 97 1
9877 2 44 45 1
9878 2 98 99 1
9880 2 22 23 1
9881 2 50 51 1
9883 2 105 106 1
9885 2 60 61 1
9887 2 64 63 1
9888 2 70 71 1
9890 2 73 74 1
9891 2 80 79 1
9895 2 91 92 1
9896 2 40 41 1
9897 2 136 137 4
9910 2 181 182 4
9911 2 240 239 2
9941 2 1 13 1
9941 2 1 210 4
9963 2 284 285 2
9995 2 352 351 3
9998 2 350 351 3
10001 2 377 378 3
10004 2 376 377 3
10016 2 169 170 4
10025 2 282 283 2
10026 2 176 177 4
10061 2 237 238 2
10062 2 184 183 4
10074 2 38 39 1
10081 2 157 158 4
10095 2 124 125 4
10096 2 296 297 2
10098 2 131 132 4
10111 2 270 271 2
10119 2 134 135 4
10121 2 168 169 4
10134 2 136 135 4
10146 2 194 195 4
10147 2 226 227 2
10159 2 142 143 4
10170 2 116 117 4
10181 2 190 191 4
10182 2 230 231 2
10183 2 161 162 4
10190 2 275 276 2
10191 2 206 207 4
10197 2 171 172 4
10210 2 292 293 2
10212 2 200 199 4
10213 2 221 222 2
10214 2 152 153 4
10219 2 173 174 4
10220 2 178 179 4
10223 2 312 311 3
10224 2 288 287 2
10229 2 185 186 4
10230 2 254 255 2
10231 2 235 236 2
10233 2 166 167 4
10234 2 280 281 2
10295 2 408 407 3
10296 2 211 212 2
10326 2 133 134 4
10333 2 209 210 4
10335 2 112 113 4
10336 2 110 111 1
10337 2 308 309 2
10349 2 160 159 4
10356 2 352 353 3
10357 2 378 379 3
10360 2 349 350 3
10362 2 376 375 3
10490 2 137 138 4
10491 2 41 42 1
10493 2 92 93 1
10495 2 81 82 1
10497 2 80 81 1
10498 2 75 76 1
10499 2 74 75 1
10500 2 72 73 1
10501 2 72 71 1
10504 2 64 65 1
10505 2 59 60 1
10507 2 107 108 1
10508 2 48 49 1
10509 2 106 107 1
10510 2 49 50 1
10512 2 99 100 1
10513 2 97 98 1
10515 2 16 17 1
10516 2 100 101 1
10517 2 25 26 1
10518 2 43 44 1
10519 2 42 43 1
10520 2 21 22 1
10522 2 28 29 1
10523 2 30 31 1
10525 2 26 27 1
10526 2 32 31 1
10527 2 17 18 1
10549 2 13 14 1
