   1.70078635        0.518806756    
   1.77570724         1.55642021    
   1.85062802         3.89105058    
   1.92554891         3.50194550    
   2.00046968         4.92866421    
   2.07539058         5.57717228    
   2.15031147         5.31776905    
   2.22523212         7.78210115    
   2.30015326         11.0246429    
   2.37507391         25.9403381    
   2.44999480         10.1167316    
   2.52491570         8.43060970    
   2.59983635         3.89105058    
   2.67475748         2.33463025    
   2.74967813         2.33463025    
   2.82459903         1.42671859    
   2.89951992        0.648508430    
   2.97444057        0.259403378    
   3.04936171        0.389105052    
   3.12428236        0.129701689    
