         312
          11  2          251         252  4
        1594  2          249         250  4
        1596  2          250         251  4
        1624  2          256         257  4
        1632  2          257         258  4
        1679  2          258         259  4
        1762  2          259         260  4
        1876  2          260         261  4
        2012  2          263         264  4
        2182  2          264         265  4
        2503  2          268         269  4
        2525  2          269         270  4
        2546  2          270         271  4
        2565  2          271         272  4
        2963  2          262         263  4
        3177  2          274         275  4
        3209  2          255         256  4
        3216  2          261         262  4
        3227  2          267         268  4
        3243  2          277         278  4
        3439  2          248         249  4
        3450  2          253         254  4
        3464  2          254         255  4
        3599  2          280           1  4
        3719  2          278         279  4
        3737  2          247         248  4
        3755  2          252         253  4
        3813  2            6         246  4
        3870  2          273         274  4
        3891  2          266         267  4
        3988  2          276         277  4
        4045  2          275         276  4
        4101  2          279         280  4
        4131  2          272         273  4
        4136  2          265         266  4
        4163  2          246         247  4
        4220  2          361         362  4
        4226  2          358         359  4
        4354  2          346         347  4
        4405  2          365         366  4
        4421  2          352         353  4
        4424  2          349         350  4
        4442  2          364         365  4
        4447  2          354         355  4
        4463  2          362         363  4
        4501  2          366         367  4
        4502  2          353         354  4
        4524  2          363         364  4
        4525  2          355         356  4
        5110  2          347         348  4
        5111  2          350         351  4
        5121  2          370         371  4
        5123  2          348         349  4
        5202  2          351         352  4
        5220  2          371         372  4
        5258  2            8         345  4
        5271  2          373           6  4
        5321  2          357         358  4
        5325  2          360         361  4
        5331  2          368         369  4
        5342  2          356         357  4
        5357  2          359         360  4
        5388  2          367         368  4
        5404  2          345         346  4
        5405  2          372         373  4
        5422  2          369         370  4
        7402  2          669         670  4
        7437  2          667         668  4
        7450  2          670         671  4
        7469  2          666         667  4
        7505  2          664         665  4
        7509  2          653         654  4
        7568  2          662         663  4
        7609  2          668         669  4
        7621  2          665         666  4
        7635  2          660         661  4
        7663  2          663         664  4
        7698  2          661         662  4
        7701  2          658         659  4
        7741  2          657         658  4
        7919  2          655         656  4
        7921  2          651         652  4
        7996  2          656         657  4
        8110  2          659         660  4
        8195  2          654         655  4
        8358  2          649         650  4
        8382  2          652         653  4
        8383  2          650         651  4
        8391  2          638         639  4
        8436  2          637         638  4
        8445  2          648         649  4
        8473  2          646         647  4
        8523  2          645         646  4
        8528  2          643         644  4
        8529  2          644         645  4
        8530  2          642         643  4
        8533  2          641         642  4
        8538  2          640         641  4
        8540  2          639         640  4
        8595  2          647         648  4
       10786  2          672           8  4
       10822  2          635         636  4
       11017  2           12         634  4
       11136  2          636         637  4
       11239  2          671         672  4
       11408  2          634         635  4
          76  2          119         120  2
        1591  2          144         145  2
        1592  2          143         144  2
        1610  2          135         136  2
        1613  2          134         135  2
        1656  2          133         134  2
        1755  2          132         133  2
        2013  2          128         129  2
        2183  2          127         128  2
        2545  2          121         122  2
        2564  2          120         121  2
        2586  2          136         137  2
        2684  2          116         117  2
        2692  2          115         116  2
        2723  2          114         115  2
        2733  2          137         138  2
        3047  2          129         130  2
        3333  2          122         123  2
        3390  2          124         125  2
        3420  2          141         142  2
        3470  2          138         139  2
        3538  2          123         124  2
        3572  2          139         140  2
        3710  2          142         143  2
        3727  2          117         118  2
        3812  2          146           3  2
        3837  2            2         112  2
        3851  2          130         131  2
        3927  2          125         126  2
        4047  2          118         119  2
        4048  2          113         114  2
        4086  2          140         141  2
        4093  2          145         146  2
        4125  2          131         132  2
        4138  2          126         127  2
        4171  2          112         113  2
        5590  2          378         379  2
        5606  2          375         376  2
        5612  2          400         401  2
        5619  2          376         377  2
        5648  2          379         380  2
        5673  2          381         382  2
        5674  2          396         397  2
        5678  2          377         378  2
        5693  2          394         395  2
        5701  2          383         384  2
        5713  2          380         381  2
        5724  2          390         391  2
        5743  2          387         388  2
        5750  2          395         396  2
        5770  2          382         383  2
        5782  2          393         394  2
        5794  2          386         387  2
        5818  2          392         393  2
        5848  2          391         392  2
        6395  2          385         386  2
        6411  2          389         390  2
        6496  2          384         385  2
        6511  2            3         374  2
        6512  2          402           9  2
        6518  2          388         389  2
        6584  2          397         398  2
        6587  2          398         399  2
        6667  2          374         375  2
        6668  2          401         402  2
        6681  2          399         400  2
        7403  2          498         499  2
        7444  2          499         500  2
        7451  2          497         498  2
        7470  2          501         502  2
        7522  2          513         514  2
        7536  2          512         513  2
        7563  2          500         501  2
        7686  2          509         510  2
        7739  2          511         512  2
        7868  2          508         509  2
        7898  2          510         511  2
        7954  2          514         515  2
        8048  2          516         517  2
        8112  2          515         516  2
        8193  2          525         526  2
        8341  2          522         523  2
        8425  2          521         522  2
        8432  2          520         521  2
        8490  2          523         524  2
        8521  2          524         525  2
        8527  2          526         527  2
        8534  2          527         528  2
        8541  2          531         532  2
        8543  2          532         533  2
       10534  2          530         531  2
       10582  2          503         504  2
       10590  2          519         520  2
       10683  2          505         506  2
       10808  2            9         496  2
       10831  2          507         508  2
       10915  2          502         503  2
       10956  2          534          11  2
       10985  2          528         529  2
       11055  2          504         505  2
       11127  2          518         519  2
       11147  2          506         507  2
       11241  2          496         497  2
       11283  2          533         534  2
       11341  2          529         530  2
       11382  2          517         518  2
         520  2           82          83  1
         541  2          104         105  1
         546  2          105         106  1
         555  2          108         109  1
         556  2           15          16  1
         557  2           84          85  1
         565  2           81          82  1
         567  2           14          15  1
         568  2          109         110  1
         593  2          106         107  1
         594  2           17          18  1
         608  2          100         101  1
         612  2           73          74  1
         617  2          107         108  1
         618  2           16          17  1
         643  2           18          19  1
         650  2           95          96  1
         651  2           96          97  1
         661  2           20          21  1
         684  2          103         104  1
         697  2          101         102  1
         698  2           22          23  1
         748  2           52          53  1
         758  2           24          25  1
         759  2           99         100  1
         781  2           79          80  1
         795  2           19          20  1
         810  2          102         103  1
         839  2           75          76  1
         847  2           21          22  1
         854  2           53          54  1
         878  2           23          24  1
         886  2           87          88  1
         927  2           29          30  1
         984  2           92          93  1
         985  2           31          32  1
         986  2           97          98  1
        1015  2           25          26  1
        1047  2           33          34  1
        1088  2           85          86  1
        1099  2           35          36  1
        1100  2           88          89  1
        1158  2           76          77  1
        1159  2           83          84  1
        1160  2           49          50  1
        1161  2           74          75  1
        1162  2           47          48  1
        1163  2           45          46  1
        1164  2           43          44  1
        1165  2           86          87  1
        1166  2           72          73  1
        1167  2           80          81  1
        1179  2           67          68  1
        1191  2           93          94  1
        1192  2           30          31  1
        1205  2           51          52  1
        1206  2           94          95  1
        1228  2           32          33  1
        1242  2           89          90  1
        1243  2           34          35  1
        1271  2           70          71  1
        1300  2           78          79  1
        1309  2           36          37  1
        1312  2           46          47  1
        1313  2           48          49  1
        1314  2           44          45  1
        1315  2           77          78  1
        1316  2           50          51  1
        1317  2           98          99  1
        1328  2           54          55  1
        1344  2           68          69  1
        1367  2           69          70  1
        1418  2           71          72  1
        1427  2           55          56  1
        1471  2           56          57  1
        1491  2           65          66  1
        1555  2           57          58  1
        1582  2           62          63  1
        1583  2           60          61  1
        1584  2           64          65  1
        1585  2           66          67  1
        1586  2           63          64  1
        1587  2           59          60  1
        1588  2           58          59  1
        1590  2           61          62  1
        3040  2           90          91  1
        3247  2           38          39  1
        3344  2           91          92  1
        3368  2           27          28  1
        3495  2           37          38  1
        3533  2           40          41  1
        3599  2            1          13  1
        3630  2           39          40  1
        3631  2           26          27  1
        3837  2          111           2  1
        3884  2           28          29  1
        3897  2           42          43  1
        3909  2           41          42  1
        4068  2          110         111  1
        4077  2           13          14  1
