        1659
           1           3
           3           2
           5           2
           7           2
           8           2
          11           1
          17           2
          18           1
          19           2
          23           2
          24           3
          29           1
          33           2
          34           2
          36           1
          40           2
          42           2
          47           2
          49           2
          50           1
          51           1
          52           2
          53           2
          57           2
          59           1
          60           2
          63           2
          65           2
          68           2
          71           2
          73           2
          76           1
          81           2
          82           2
          90           2
          99           2
         101           2
         102           2
         113           2
         115           2
         116           2
         120           2
         121           1
         122           2
         126           2
         129           2
         132           2
         135           2
         139           2
         142           2
         144           1
         149           2
         151           2
         153           2
         155           2
         156           1
         165           2
         166           2
         172           1
         178           1
         186           1
         191           2
         221           2
         240           2
         249           2
         259           2
         278           1
         280           2
         286           2
         288           1
         292           3
         301           1
         310           1
         315           1
         353           2
         370           1
         385           1
         395           1
         400           1
         401           1
         405           1
         406           1
         417           1
         419           1
         426           2
         430           1
         434           2
         435           1
         442           1
         448           1
         458           1
         467           1
         470           1
         474           3
         476           1
         481           1
         483           1
         486           1
         487           1
         489           1
         490           1
         501           1
         505           1
         506           1
         507           1
         508           2
         515           1
         519           2
         520           2
         526           2
         530           2
         532           2
         538           1
         541           2
         543           1
         546           2
         551           3
         555           3
         556           3
         557           2
         558           3
         565           2
         567           3
         568           3
         586           1
         593           2
         594           2
         595           3
         596           1
         602           2
         604           2
         608           2
         610           2
         612           2
         614           1
         617           3
         618           3
         621           2
         622           3
         624           1
         628           1
         631           3
         635           1
         637           2
         638           1
         639           2
         642           1
         643           2
         645           1
         646           1
         650           2
         651           2
         656           2
         659           2
         661           2
         667           2
         671           1
         684           2
         697           2
         698           2
         699           1
         716           1
         732           1
         748           2
         757           1
         758           2
         759           2
         762           3
         763           3
         765           1
         768           1
         770           1
         781           2
         793           1
         795           2
         805           1
         809           1
         810           2
         823           1
         824           2
         827           1
         828           2
         839           2
         845           1
         847           2
         854           2
         858           1
         864           2
         869           1
         870           1
         876           1
         878           2
         879           2
         886           2
         894           1
         897           2
         898           1
         899           1
         916           1
         921           1
         924           1
         927           2
         949           1
         952           1
         953           1
         959           1
         966           2
         969           1
         983           2
         984           2
         985           2
         986           2
         992           1
         997           1
        1001           1
        1003           1
        1009           1
        1010           1
        1015           2
        1031           1
        1032           1
        1043           2
        1047           2
        1078           1
        1088           2
        1090           1
        1092           2
        1099           2
        1100           2
        1105           1
        1109           2
        1114           2
        1117           2
        1121           2
        1137           1
        1155           1
        1158           2
        1159           2
        1160           2
        1161           2
        1162           2
        1163           2
        1164           2
        1165           2
        1166           2
        1167           2
        1170           1
        1179           2
        1181           2
        1184           2
        1185           2
        1187           1
        1191           2
        1192           2
        1205           2
        1206           2
        1208           2
        1221           2
        1226           1
        1228           2
        1229           1
        1239           1
        1241           1
        1242           2
        1243           2
        1245           2
        1250           1
        1251           1
        1254           1
        1267           1
        1271           2
        1274           1
        1282           2
        1296           1
        1297           1
        1300           2
        1309           2
        1310           2
        1312           2
        1313           2
        1314           2
        1315           2
        1316           2
        1317           2
        1322           1
        1324           1
        1328           2
        1330           1
        1336           1
        1338           1
        1339           1
        1340           1
        1344           2
        1348           1
        1352           1
        1354           2
        1355           2
        1361           1
        1363           1
        1365           1
        1367           2
        1371           1
        1381           1
        1383           2
        1388           1
        1392           2
        1418           2
        1427           2
        1432           1
        1434           2
        1462           2
        1469           2
        1471           2
        1485           2
        1488           2
        1489           2
        1491           2
        1500           2
        1503           2
        1504           1
        1509           2
        1525           2
        1527           2
        1532           2
        1552           2
        1555           2
        1566           1
        1568           2
        1578           1
        1582           2
        1583           2
        1584           2
        1585           2
        1586           2
        1587           2
        1588           2
        1590           2
        1591           1
        1592           1
        1593           1
        1594           1
        1595           1
        1596           1
        1597           1
        1601           2
        1605           2
        1610           1
        1612           2
        1613           1
        1624           1
        1630           2
        1631           2
        1632           1
        1636           2
        1637           2
        1647           2
        1653           2
        1656           1
        1669           2
        1671           2
        1673           2
        1674           2
        1676           2
        1679           1
        1684           2
        1692           2
        1693           2
        1694           1
        1695           2
        1696           2
        1703           2
        1705           2
        1707           2
        1708           1
        1712           2
        1720           2
        1727           2
        1728           2
        1732           2
        1733           2
        1735           2
        1737           1
        1740           2
        1743           2
        1752           2
        1753           2
        1755           1
        1758           2
        1760           2
        1761           2
        1762           1
        1763           1
        1766           2
        1768           2
        1772           2
        1775           2
        1776           2
        1778           1
        1780           2
        1784           2
        1790           1
        1799           1
        1804           2
        1815           1
        1822           2
        1824           2
        1838           2
        1839           2
        1843           2
        1847           2
        1848           2
        1849           3
        1853           1
        1854           1
        1856           2
        1857           2
        1859           2
        1862           2
        1866           2
        1869           2
        1874           2
        1876           1
        1881           2
        1908           1
        1909           2
        1930           2
        1934           1
        1948           1
        1973           2
        1996           2
        2010           1
        2012           1
        2013           1
        2017           1
        2025           3
        2084           2
        2110           2
        2137           2
        2140           2
        2144           1
        2166           2
        2182           1
        2183           1
        2187           2
        2191           2
        2199           2
        2205           1
        2214           2
        2229           2
        2254           2
        2259           2
        2261           2
        2267           2
        2277           2
        2284           2
        2292           2
        2303           2
        2309           2
        2312           2
        2313           2
        2321           2
        2333           2
        2348           3
        2354           2
        2356           2
        2357           2
        2358           1
        2359           2
        2366           2
        2368           2
        2384           2
        2394           2
        2407           1
        2419           2
        2435           2
        2446           3
        2447           1
        2448           2
        2453           2
        2456           2
        2457           2
        2462           2
        2466           2
        2471           2
        2475           2
        2480           2
        2482           2
        2492           2
        2494           2
        2503           1
        2525           1
        2526           2
        2528           1
        2531           2
        2533           1
        2545           1
        2546           1
        2550           2
        2560           2
        2564           1
        2565           1
        2574           2
        2580           2
        2582           2
        2583           2
        2586           1
        2595           3
        2610           3
        2611           2
        2631           2
        2641           2
        2645           2
        2649           2
        2653           2
        2658           2
        2674           2
        2675           2
        2677           1
        2680           2
        2684           1
        2692           1
        2694           2
        2697           3
        2723           3
        2729           2
        2730           2
        2733           1
        2736           3
        2740           2
        2773           2
        2785           1
        2814           2
        2834           1
        2842           2
        2879           2
        2901           2
        2919           2
        2928           1
        2963           1
        2964           1
        2975           1
        2999           2
        3005           3
        3012           2
        3019           3
        3020           2
        3036           2
        3040           2
        3047           1
        3049           2
        3057           2
        3060           2
        3085           2
        3091           2
        3162           2
        3177           1
        3185           2
        3209           1
        3210           2
        3216           1
        3227           1
        3231           1
        3234           2
        3242           2
        3243           3
        3247           2
        3254           2
        3271           2
        3278           2
        3279           2
        3280           2
        3295           1
        3299           2
        3316           2
        3322           2
        3333           1
        3336           2
        3340           2
        3341           1
        3344           2
        3347           2
        3362           2
        3368           2
        3371           2
        3379           2
        3387           2
        3390           1
        3391           2
        3396           2
        3399           2
        3406           2
        3407           2
        3412           2
        3414           2
        3419           2
        3420           1
        3421           1
        3424           2
        3425           2
        3437           2
        3439           1
        3446           2
        3448           2
        3449           2
        3450           1
        3461           2
        3462           1
        3464           1
        3470           1
        3471           2
        3472           2
        3475           1
        3476           2
        3479           2
        3484           1
        3490           1
        3492           1
        3495           2
        3497           1
        3500           2
        3501           2
        3502           1
        3503           1
        3507           2
        3510           2
        3515           1
        3517           2
        3522           2
        3525           3
        3530           1
        3533           2
        3535           1
        3538           1
        3541           2
        3549           2
        3550           1
        3553           2
        3557           2
        3558           2
        3559           1
        3561           2
        3562           1
        3563           1
        3566           2
        3572           1
        3574           1
        3576           2
        3583           1
        3585           1
        3589           2
        3599           3
        3601           1
        3607           2
        3609           2
        3620           1
        3621           1
        3622           2
        3624           2
        3630           2
        3631           2
        3635           2
        3639           1
        3642           1
        3644           1
        3645           2
        3646           2
        3650           2
        3654           2
        3655           2
        3656           2
        3663           1
        3664           2
        3670           2
        3675           1
        3681           2
        3684           2
        3686           2
        3696           1
        3705           2
        3708           1
        3710           1
        3711           2
        3715           2
        3716           2
        3719           3
        3721           2
        3723           1
        3724           1
        3725           2
        3727           1
        3728           1
        3731           3
        3735           1
        3737           1
        3740           1
        3742           3
        3744           2
        3746           2
        3753           1
        3754           1
        3755           1
        3769           1
        3772           2
        3775           2
        3776           2
        3777           1
        3790           2
        3791           2
        3801           2
        3802           1
        3812           1
        3813           1
        3814           2
        3816           2
        3817           2
        3820           2
        3821           2
        3824           2
        3826           2
        3830           2
        3831           2
        3832           2
        3833           2
        3836           2
        3837           3
        3841           1
        3842           2
        3846           2
        3847           2
        3848           1
        3851           1
        3853           2
        3854           2
        3855           1
        3857           2
        3860           2
        3862           2
        3864           2
        3865           2
        3867           2
        3869           2
        3870           1
        3877           2
        3880           2
        3881           2
        3882           1
        3883           1
        3884           2
        3886           2
        3887           2
        3889           2
        3891           1
        3893           2
        3894           2
        3895           1
        3896           2
        3897           2
        3902           1
        3905           2
        3909           2
        3911           1
        3913           2
        3915           1
        3917           2
        3918           1
        3921           2
        3922           1
        3923           1
        3924           2
        3925           1
        3927           1
        3930           3
        3934           3
        3935           2
        3937           2
        3939           2
        3942           1
        3944           2
        3946           1
        3953           2
        3954           2
        3955           2
        3960           2
        3962           1
        3963           3
        3965           2
        3966           2
        3967           3
        3968           3
        3970           3
        3972           2
        3973           1
        3974           3
        3978           2
        3982           1
        3983           3
        3985           3
        3988           3
        3990           1
        3992           3
        3993           2
        3994           1
        3998           1
        3999           1
        4001           1
        4003           1
        4005           1
        4006           1
        4010           3
        4012           2
        4013           1
        4016           1
        4017           1
        4018           1
        4022           1
        4028           1
        4031           1
        4037           1
        4039           1
        4040           2
        4041           1
        4043           1
        4045           1
        4047           1
        4048           3
        4051           1
        4052           1
        4055           2
        4060           1
        4062           1
        4067           1
        4068           3
        4069           1
        4070           1
        4071           1
        4074           1
        4077           3
        4078           1
        4079           1
        4081           1
        4082           1
        4083           1
        4084           1
        4085           1
        4086           1
        4088           1
        4090           1
        4092           1
        4093           1
        4094           1
        4095           1
        4096           1
        4097           2
        4099           1
        4100           1
        4101           3
        4102           1
        4103           3
        4105           2
        4106           2
        4108           1
        4109           3
        4110           1
        4111           1
        4112           1
        4113           1
        4115           3
        4122           3
        4125           1
        4126           2
        4128           2
        4130           1
        4131           1
        4132           2
        4134           2
        4135           1
        4136           1
        4138           1
        4145           2
        4147           2
        4149           2
        4150           1
        4151           3
        4152           1
        4153           1
        4156           3
        4158           1
        4159           1
        4162           1
        4163           1
        4164           1
        4171           3
        4172           1
        4174           1
        4183           2
        4185           2
        4187           1
        4188           1
        4196           1
        4197           1
        4199           1
        4201           1
        4206           1
        4210           1
        4215           1
        4220           1
        4222           1
        4223           1
        4226           1
        4228           1
        4248           1
        4250           1
        4253           1
        4261           1
        4266           1
        4275           1
        4294           1
        4328           1
        4354           1
        4405           1
        4421           1
        4424           1
        4442           1
        4447           1
        4463           1
        4501           1
        4502           1
        4524           1
        4525           1
        4574           1
        4578           1
        4590           1
        4605           1
        4740           1
        4753           1
        4823           1
        4829           1
        4832           1
        4841           1
        4846           1
        4848           1
        4849           1
        4869           1
        4885           1
        4888           1
        4898           1
        4908           1
        4915           1
        4917           1
        4921           1
        4943           1
        4952           1
        4960           1
        4966           1
        4967           1
        4969           1
        4977           1
        4982           1
        4997           1
        5022           1
        5024           1
        5026           1
        5028           1
        5037           1
        5040           1
        5042           1
        5048           1
        5050           1
        5051           1
        5052           1
        5055           1
        5056           1
        5072           1
        5074           1
        5084           1
        5085           1
        5088           1
        5089           1
        5093           1
        5097           1
        5100           1
        5104           1
        5110           1
        5111           1
        5112           1
        5116           1
        5121           1
        5123           1
        5129           1
        5132           1
        5141           1
        5160           1
        5167           1
        5172           1
        5174           1
        5180           1
        5183           1
        5184           1
        5190           1
        5191           1
        5195           1
        5199           1
        5201           1
        5202           1
        5214           1
        5215           1
        5220           1
        5224           1
        5225           1
        5228           1
        5236           1
        5238           1
        5258           1
        5262           1
        5271           1
        5277           1
        5280           1
        5283           1
        5291           1
        5293           1
        5296           1
        5299           1
        5300           1
        5301           1
        5303           1
        5308           1
        5310           1
        5313           1
        5316           1
        5321           1
        5323           1
        5324           1
        5325           1
        5331           1
        5332           1
        5334           1
        5336           1
        5338           1
        5342           1
        5344           1
        5352           1
        5354           1
        5357           1
        5363           1
        5367           1
        5370           1
        5378           1
        5383           1
        5387           1
        5388           1
        5393           1
        5404           1
        5405           1
        5411           1
        5422           1
        5430           1
        5449           1
        5454           1
        5456           1
        5457           1
        5459           1
        5461           1
        5466           1
        5469           1
        5476           1
        5477           1
        5478           1
        5479           1
        5481           1
        5488           1
        5490           1
        5493           1
        5497           1
        5498           1
        5500           1
        5509           1
        5514           1
        5521           1
        5536           1
        5563           1
        5567           1
        5576           1
        5589           1
        5590           1
        5592           1
        5602           1
        5605           1
        5606           1
        5612           1
        5615           1
        5619           1
        5624           1
        5630           1
        5634           1
        5644           1
        5647           1
        5648           1
        5673           1
        5674           1
        5678           1
        5692           1
        5693           1
        5701           1
        5713           1
        5724           1
        5743           1
        5750           1
        5762           1
        5770           1
        5782           1
        5794           1
        5818           1
        5848           1
        5855           1
        5857           1
        5869           1
        5890           1
        5933           1
        5949           1
        6056           1
        6073           1
        6098           1
        6128           1
        6129           1
        6131           1
        6138           1
        6143           1
        6162           1
        6181           1
        6197           1
        6213           1
        6217           1
        6228           1
        6234           1
        6240           1
        6243           1
        6274           1
        6289           1
        6322           1
        6367           1
        6385           1
        6391           1
        6395           1
        6404           1
        6411           1
        6412           1
        6418           1
        6422           1
        6423           1
        6426           1
        6427           1
        6429           1
        6436           1
        6442           1
        6460           1
        6464           1
        6467           1
        6471           1
        6473           1
        6478           1
        6483           1
        6485           1
        6486           1
        6488           1
        6490           1
        6493           1
        6495           1
        6496           1
        6498           1
        6501           1
        6502           1
        6505           1
        6506           1
        6511           1
        6512           1
        6516           1
        6518           1
        6520           1
        6522           1
        6528           1
        6531           1
        6533           1
        6542           1
        6544           1
        6553           1
        6556           1
        6574           1
        6577           1
        6579           1
        6582           1
        6583           1
        6584           1
        6585           1
        6587           1
        6599           1
        6600           1
        6602           1
        6612           1
        6615           1
        6620           1
        6638           1
        6641           1
        6642           1
        6651           1
        6656           1
        6657           1
        6660           1
        6667           1
        6668           1
        6673           1
        6676           1
        6679           1
        6681           1
        6685           1
        6692           1
        6699           1
        6707           1
        6758           1
        6760           1
        6762           1
        6770           1
        6773           1
        6775           1
        6803           1
        6819           1
        6820           1
        6827           1
        6842           1
        6845           1
        6857           1
        6871           1
        6873           1
        6879           1
        6890           1
        6916           1
        6922           1
        6936           1
        6951           1
        6957           1
        6961           1
        6973           1
        6990           1
        6994           1
        7010           1
        7022           1
        7025           1
        7034           1
        7046           1
        7060           1
        7116           1
        7121           1
        7160           1
        7165           1
        7174           1
        7187           1
        7395           1
        7402           1
        7403           1
        7406           1
        7421           1
        7437           1
        7444           1
        7450           1
        7451           1
        7452           1
        7469           1
        7470           1
        7494           1
        7505           1
        7509           1
        7522           1
        7523           1
        7533           1
        7536           1
        7545           1
        7549           1
        7563           1
        7568           1
        7609           1
        7621           1
        7635           1
        7638           1
        7663           1
        7679           1
        7686           1
        7698           1
        7701           1
        7710           1
        7739           1
        7741           1
        7780           1
        7840           1
        7868           1
        7898           1
        7919           1
        7921           1
        7954           1
        7996           1
        8048           1
        8086           1
        8103           1
        8110           1
        8112           1
        8179           1
        8193           1
        8194           1
        8195           1
        8220           1
        8222           1
        8239           1
        8251           1
        8269           1
        8276           1
        8341           1
        8358           1
        8362           1
        8372           1
        8382           1
        8383           1
        8391           1
        8425           1
        8432           1
        8436           1
        8445           1
        8451           1
        8462           1
        8463           1
        8472           1
        8473           1
        8490           1
        8508           1
        8519           1
        8521           1
        8523           1
        8527           1
        8528           1
        8529           1
        8530           1
        8531           1
        8533           1
        8534           1
        8538           1
        8540           1
        8541           1
        8542           1
        8543           1
        8544           1
        8561           1
        8592           1
        8595           1
        8610           1
        8640           1
        8646           1
        8681           1
        8683           1
        8688           1
        8692           1
        8713           1
        8718           1
        8726           1
        8785           1
        8787           1
        8797           1
        8815           1
        8831           1
        8851           1
        8881           1
        8890           1
        8893           1
        8904           1
        8907           1
        8913           1
        8925           1
        8944           1
        8946           1
        8956           1
        8961           1
        8980           1
        9020           1
        9025           1
        9031           1
        9039           1
        9058           1
        9103           1
        9138           1
        9258           1
        9261           1
        9335           1
        9336           1
        9346           1
        9372           1
        9387           1
        9423           1
        9433           1
        9443           1
        9457           1
        9461           1
        9473           1
        9553           1
        9563           1
        9572           1
        9580           1
        9583           1
        9592           1
        9615           1
        9647           1
        9650           1
        9657           1
        9715           1
        9722           1
        9733           1
        9744           1
        9762           1
        9767           1
        9775           1
        9778           1
        9809           1
        9835           1
        9844           1
        9855           1
        9867           1
        9872           1
        9884           1
        9901           1
        9963           1
        9970           1
        9982           1
        9987           1
        9997           1
       10022           1
       10025           1
       10034           1
       10035           1
       10056           1
       10061           1
       10087           1
       10088           1
       10125           1
       10160           1
       10163           1
       10187           1
       10203           1
       10218           1
       10265           1
       10269           1
       10313           1
       10329           1
       10341           1
       10351           1
       10359           1
       10360           1
       10363           1
       10367           1
       10415           1
       10427           1
       10443           1
       10534           1
       10554           1
       10563           1
       10573           1
       10582           1
       10590           1
       10597           1
       10598           1
       10600           1
       10602           1
       10625           1
       10639           1
       10655           1
       10658           1
       10674           1
       10683           1
       10685           1
       10688           1
       10689           1
       10691           1
       10718           1
       10738           1
       10764           1
       10780           1
       10785           1
       10786           1
       10798           1
       10808           1
       10812           1
       10813           1
       10815           1
       10822           1
       10831           1
       10836           1
       10843           1
       10850           1
       10862           1
       10870           1
       10876           1
       10890           1
       10903           1
       10904           1
       10912           1
       10914           1
       10915           1
       10917           1
       10918           1
       10922           1
       10924           1
       10928           1
       10935           1
       10936           1
       10947           1
       10954           1
       10956           1
       10958           1
       10959           1
       10961           1
       10973           1
       10974           1
       10975           1
       10978           1
       10980           1
       10985           1
       10987           1
       10991           1
       10993           1
       11002           1
       11013           1
       11014           1
       11017           1
       11019           1
       11021           1
       11031           1
       11034           1
       11042           1
       11044           1
       11054           1
       11055           1
       11056           1
       11060           1
       11063           1
       11079           1
       11085           1
       11089           1
       11090           1
       11091           1
       11093           1
       11096           1
       11097           1
       11100           1
       11101           1
       11103           1
       11113           1
       11122           1
       11124           1
       11126           1
       11127           1
       11128           1
       11129           1
       11132           1
       11133           1
       11136           1
       11138           1
       11142           1
       11144           1
       11147           1
       11148           1
       11150           1
       11153           1
       11154           1
       11155           1
       11162           1
       11165           1
       11166           1
       11168           1
       11171           1
       11173           1
       11175           1
       11180           1
       11184           1
       11186           1
       11187           1
       11189           1
       11193           1
       11194           1
       11195           1
       11196           1
       11197           1
       11198           1
       11201           1
       11202           1
       11205           1
       11206           1
       11207           1
       11211           1
       11212           1
       11213           1
       11215           1
       11216           1
       11220           1
       11221           1
       11222           1
       11225           1
       11226           1
       11227           1
       11228           1
       11229           1
       11235           1
       11239           1
       11241           1
       11242           1
       11244           1
       11245           1
       11247           1
       11250           1
       11258           1
       11261           1
       11262           1
       11268           1
       11270           1
       11275           1
       11276           1
       11281           1
       11283           1
       11285           1
       11292           1
       11299           1
       11300           1
       11302           1
       11304           1
       11307           1
       11310           1
       11314           1
       11316           1
       11333           1
       11334           1
       11336           1
       11337           1
       11341           1
       11345           1
       11350           1
       11367           1
       11375           1
       11380           1
       11382           1
       11384           1
       11385           1
       11387           1
       11389           1
       11393           1
       11395           1
       11396           1
       11397           1
       11398           1
       11400           1
       11401           1
       11403           1
       11404           1
       11405           1
       11407           1
       11408           1
       11414           1
