268
76 2 120 119 4
107 2 204 205 3
123 2 200 201 3
176 2 202 203 3
212 2 200 199 3
226 2 195 196 3
254 2 197 198 3
271 2 210 5 3
302 2 173 174 2
309 2 194 195 3
320 2 170 171 2
334 2 168 167 2
337 2 160 159 2
342 2 164 165 2
345 2 162 163 2
371 2 176 177 2
383 2 189 190 3
397 2 179 180 2
399 2 192 193 3
431 2 209 210 3
472 2 184 183 3
484 2 182 183 3
485 2 208 207 3
511 2 208 209 3
520 2 82 83 1
525 2 185 186 3
531 2 188 189 3
540 2 205 206 3
541 2 104 105 1
546 2 105 106 1
548 2 184 185 3
555 2 108 109 1
556 2 16 15 1
557 2 84 85 1
565 2 81 82 1
567 2 14 15 1
568 2 109 110 1
593 2 106 107 1
594 2 17 18 1
608 2 100 101 1
612 2 73 74 1
617 2 107 108 1
618 2 16 17 1
643 2 18 19 1
650 2 96 95 1
651 2 96 97 1
661 2 20 21 1
684 2 104 103 1
697 2 101 102 1
698 2 22 23 1
748 2 52 53 1
749 2 165 166 2
758 2 24 25 1
759 2 99 100 1
781 2 80 79 1
795 2 19 20 1
810 2 102 103 1
839 2 75 76 1
847 2 21 22 1
854 2 53 54 1
878 2 24 23 1
886 2 88 87 1
927 2 29 30 1
984 2 92 93 1
985 2 32 31 1
986 2 97 98 1
1015 2 25 26 1
1047 2 33 34 1
1088 2 85 86 1
1099 2 35 36 1
1100 2 88 89 1
1158 2 76 77 1
1159 2 83 84 1
1160 2 49 50 1
1161 2 74 75 1
1162 2 48 47 1
1163 2 45 46 1
1164 2 43 44 1
1165 2 86 87 1
1166 2 72 73 1
1167 2 80 81 1
1179 2 67 68 1
1191 2 93 94 1
1192 2 30 31 1
1205 2 51 52 1
1206 2 94 95 1
1228 2 32 33 1
1242 2 89 90 1
1243 2 34 35 1
1271 2 70 71 1
1300 2 78 79 1
1309 2 36 37 1
1312 2 46 47 1
1313 2 48 49 1
1314 2 44 45 1
1315 2 77 78 1
1316 2 50 51 1
1317 2 98 99 1
1328 2 54 55 1
1344 2 68 69 1
1367 2 69 70 1
1418 2 72 71 1
1427 2 56 55 1
1471 2 56 57 1
1491 2 65 66 1
1555 2 57 58 1
1563 2 187 188 3
1564 2 203 204 3
1565 2 201 202 3
1570 2 198 199 3
1571 2 190 191 3
1575 2 196 197 3
1582 2 62 63 1
1583 2 60 61 1
1584 2 64 65 1
1585 2 66 67 1
1586 2 64 63 1
1587 2 59 60 1
1588 2 58 59 1
1589 2 193 194 3
1590 2 61 62 1
1591 2 144 145 4
1592 2 144 143 4
1600 2 155 156 2
1603 2 156 157 2
1604 2 157 158 2
1606 2 158 159 2
1610 2 136 135 4
1613 2 134 135 4
1621 2 160 161 2
1644 2 163 164 2
1656 2 133 134 4
1755 2 132 133 4
1836 2 166 167 2
2013 2 128 129 4
2094 2 161 162 2
2183 2 128 127 4
2315 2 186 187 3
2371 2 168 169 2
2545 2 121 122 4
2564 2 120 121 4
2581 2 169 170 2
2586 2 136 137 4
2616 2 171 172 2
2673 2 180 181 2
2684 2 116 117 4
2692 2 115 116 4
2700 2 177 178 2
2717 2 174 175 2
2723 2 114 115 4
2733 2 137 138 4
2772 2 172 173 2
2838 2 4 181 2
2882 2 178 179 2
2916 2 176 175 2
2951 2 4 182 3
3017 2 192 191 3
3040 2 90 91 1
3047 2 129 130 4
3247 2 38 39 1
3333 2 122 123 4
3344 2 91 92 1
3368 2 27 28 1
3390 2 124 125 4
3420 2 141 142 4
3470 2 138 139 4
3495 2 37 38 1
3533 2 40 41 1
3538 2 123 124 4
3572 2 139 140 4
3599 2 1 13 1
3630 2 40 39 1
3631 2 26 27 1
3637 2 154 155 2
3660 2 152 151 2
3675 2 149 150 2
3710 2 142 143 4
3727 2 117 118 4
3812 2 3 147 2
3812 2 146 3 4
3819 2 206 207 3
3837 2 2 111 1
3837 2 112 2 4
3851 2 130 131 4
3884 2 28 29 1
3897 2 42 43 1
3909 2 41 42 1
3927 2 125 126 4
3986 2 153 154 2
3989 2 152 153 2
3999 2 150 151 2
4013 2 148 149 2
4047 2 118 119 4
4048 2 113 114 4
4068 2 110 111 1
4077 2 13 14 1
4086 2 140 141 4
4093 2 145 146 4
4125 2 131 132 4
4138 2 126 127 4
4162 2 147 148 2
4171 2 112 113 4
5456 2 147 148 2
6010 2 166 167 2
6060 2 168 167 2
6115 2 168 169 2
6275 2 178 179 2
6285 2 179 180 2
6461 2 176 175 2
6511 2 3 147 2
6521 2 4 181 2
6530 2 165 166 2
6538 2 170 171 2
6539 2 163 164 2
6547 2 177 178 2
6564 2 172 173 2
6569 2 156 157 2
6570 2 160 159 2
6571 2 160 161 2
6573 2 153 154 2
6586 2 152 153 2
6595 2 174 175 2
6602 2 149 150 2
6603 2 173 174 2
6615 2 148 149 2
6624 2 164 165 2
6626 2 155 156 2
6630 2 169 170 2
6635 2 162 163 2
6637 2 152 151 2
6645 2 176 177 2
6650 2 158 159 2
6664 2 171 172 2
6673 2 150 151 2
6674 2 180 181 2
6675 2 157 158 2
6677 2 161 162 2
6680 2 154 155 2
11438 2 182 183 3
11502 2 198 199 3
11530 2 200 201 3
11600 2 197 198 3
11619 2 196 197 3
11627 2 192 191 3
11733 2 200 199 3
11750 2 201 202 3
11765 2 188 189 3
11896 2 192 193 3
12054 2 187 188 3
12320 2 184 185 3
12329 2 202 203 3
12330 2 204 205 3
12333 2 208 207 3
12335 2 193 194 3
12339 2 189 190 3
12343 2 4 182 3
12345 2 210 5 3
12398 2 184 183 3
12412 2 208 209 3
12414 2 195 196 3
12416 2 194 195 3
12417 2 203 204 3
12418 2 206 207 3
12421 2 190 191 3
12422 2 185 186 3
12424 2 205 206 3
12426 2 186 187 3
12432 2 209 210 3
