   2.20314884        0.232828870    
   2.29283476         1.62980211    
   2.38252068         5.23864937    
   2.47220683         2.56111765    
   2.56189299         6.16996527    
   2.65157890         6.86845160    
   2.74126482         6.40279388    
   2.83095074         6.40279388    
   2.92063689         9.66239834    
   3.01032305         23.5157166    
   3.10000896         11.2922001    
   3.18969488         7.10128069    
   3.27938104         3.95809078    
   3.36906719         3.37601852    
   3.45875311         2.09545994    
   3.54843903         1.39697325    
   3.63812518         1.16414440    
   3.72781110        0.582072198    
   3.81749725        0.232828870    
   3.90718317        0.116414435    
