   1.00056672         9.06823874E-02
   1.05712223        0.355172664    
   1.11367774        0.793470860    
   1.17023337         2.46353817    
   1.22678888         5.44094324    
   1.28334439         6.71049643    
   1.33989990         6.21174335    
   1.39645553         6.64248466    
   1.45301104         12.2723494    
   1.50956655         25.2852726    
   1.56612206         15.2648678    
   1.62267756         7.37550068    
   1.67923307         4.14871931    
   1.73578870         2.62223220    
   1.79234421         1.93455756    
   1.84889972         1.36023581    
   1.90545523        0.483639389    
   1.96201086        0.309831470    
   2.01856637        0.211592227    
   2.07512188         2.26705968E-02
