3233
941 939 940 765
778 1300 1070 1072
1071 400 1072 1070
885 788 894 881
1072 1074 1076 778
1162 874 1317 410
1164 1044 1296 430
95 1166 899 94
976 941 977 393
1333 841 1339 1089
894 875 942 616
409 1126 140 141
1356 930 1349 423
971 1331 435 1329
1043 767 1044 977
1134 1321 425 1150
774 1076 1074 1075
882 390 1131 1130
968 1324 385 1323
840 1255 414 1239
1366 878 1373 413
880 840 1239 1211
1293 1149 1332 1128
975 1311 436 1308
1065 1067 1069 783
875 894 788 786
94 899 408 93
1348 989 1351 434
447 502 957 958
1151 441 1293 1128
785 1318 1035 1313
97 1131 390 96
408 899 885 1381
585 942 875 1171
892 1303 386 1299
411 75 76 1093
744 1320 1024 1315
789 1189 1061 1062
1255 1135 1278 414
145 146 1317 890
1062 1064 1167 789
1040 1279 600 1281
780 1069 1067 1068
1294 1278 1135 1301
745 1322 1018 1316
1328 839 838 1330
1189 790 1059 1061
886 415 1334 888
1313 1312 1171 785
783 1167 1064 1065
1175 411 1342 879
790 1193 1058 1059
892 1295 958 832
1031 1273 576 1277
690 692 778 1076
955 455 1250 1081
887 1127 898 963
730 1306 1011 1307
963 898 962 426
1134 1150 440 1301
1193 777 1056 1058
1369 877 1371 412
584 589 616 942
458 462 950 951
397 1109 893 1347
1027 1266 573 1268
1281 600 1283 981
698 700 783 1069
977 941 765 1043
1322 1327 1019 1018
1030 1272 1273 1031
619 921 924 1209
131 132 426 962
728 1291 1006 1297
777 1191 1054 1056
895 896 1111 406
1277 576 1279 1040
1017 1016 1015 568
522 1326 981 1283
1288 1341 839 1328
1295 892 1299 437
1044 1164 393 977
1042 1261 599 1262
451 1154 502 449
702 704 789 1167
900 902 1159 427
492 1098 1099 1185
955 1154 451 455
1014 1011 1306 1309
1191 1220 1053 1054
549 551 568 1015
502 1154 955 956
928 877 1369 1364
1353 399 1365 891
447 958 1295 446
922 619 450 925
1015 1012 547 549
129 130 406 1111
502 956 799 957
543 545 567 1008
874 1162 1182 872
1026 1265 1266 1027
59 60 420 1073
1081 1250 951 949
1047 1257 575 1259
1268 573 1272 1030
1303 975 1308 386
402 1092 812 889
1023 1022 1021 592
1008 566 541 543
956 954 1206 799
1296 1044 767 1263
1114 1230 872 1182
889 1091 1346 402
101 976 393 100
1065 1064 1063 398
959 792 1221 952
988 987 986 754
661 664 756 990
1005 1004 1003 566
950 462 1224 959
511 960 503 505
1062 1061 1060 419
1068 1067 1066 422
674 676 767 1043
902 1146 391 1159
1128 963 426 1151
570 1079 1036 562
995 791 1148 994
1110 1253 598 1254
1185 1099 1138 1157
1311 968 1323 436
553 555 592 1021
1013 1019 730 1307
850 852 1048 1233
5 119 416 444
978 412 1371 1374
1274 1247 444 416
1237 1053 1220 811
1075 1074 1073 420
927 613 496 1114
53 54 398 1063
51 52 419 1060
55 56 422 1066
406 962 898 895
1057 407 1059 1058
1099 1190 486 1138
864 1200 443 1363
1033 1032 558 569
558 1032 592 557
57 58 400 1071
885 881 880 1381
645 953 945 1080
739 1238 998 1245
1262 599 1265 1026
931 932 1137 626
1009 567 1012 1010
1315 1035 1318 744
1263 772 1130 1296
798 832 958 957
458 951 1250 456
999 591 1001 1000
1228 998 1238 741
582 1227 837 1231
1053 1237 417 1052
1045 837 1227 1223
562 1036 569 560
935 938 939 428
1190 1101 1210 486
742 646 647 972
427 1111 896 900
741 1219 995 1228
613 1113 855 1192
961 1156 1095 593
934 759 627 1137
539 1003 591 537
779 715 713 1029
627 610 626 1137
1007 1009 1011 1014
752 984 985 983
1029 713 711 1028
659 986 752 657
1013 1016 1018 1019
1033 569 1036 1034
752 983 970 982
1070 1068 422 1071
1106 622 510 1107
1057 1055 48 49
496 606 1230 1114
588 583 593 1095
1058 1056 1055 1057
613 927 863 1113
1029 1030 1031 779
952 1221 587 1216
972 973 974 742
831 743 742 974
619 922 919 921
407 1057 49 50
1245 1002 1258 739
400 1073 1074 1072
857 863 865 862
976 101 102 428
965 966 967 746
1206 954 948 953
966 965 750 969
1350 1116 1115 1117
791 995 1219 1165
750 653 655 982
492 924 1096 1098
1025 1026 1027 782
921 919 917 918
978 439 22 23
1179 848 850 964
992 564 997 996
996 993 590 992
746 649 651 965
926 852 851 853
568 1021 1022 1017
782 709 707 1025
587 517 519 1203
1330 838 1333 1089
845 1091 889 1090
953 948 946 945
626 1095 1156 931
960 511 513 792
1324 971 1329 385
982 655 657 752
638 637 640 639
1038 717 715 779
639 640 642 641
1106 1105 623 622
641 642 644 643
980 723 721 827
1020 527 529 590
982 970 969 750
986 659 661 754
1203 943 1216 587
1215 1045 1223 586
1052 395 1054 1053
820 705 703 1041
563 525 527 1020
104 1183 389 4
653 750 965 651
992 531 533 564
827 721 719 1039
1080 945 944 836
646 742 743 663
1020 590 993 994
994 1148 563 1020
592 1032 1033 1023
760 725 980 829
637 1148 791 640
644 646 663 643
717 1038 1039 719
705 820 1025 707
525 563 636 524
1106 1084 751 1105
649 746 972 647
743 831 832 798
979 413 65 66
531 992 590 529
819 701 699 1046
961 593 580 1120
834 760 829 1049
999 535 537 591
491 1103 494 487
398 1066 1067 1065
701 819 1041 703
1003 539 541 566
1086 1248 1251 1087
419 1063 1064 1062
1224 960 792 959
810 837 1045 807
935 389 936 938
956 955 948 954
863 857 855 1113
709 782 1028 711
1083 1086 1087 1085
817 697 695 1050
1051 394 43 44
1078 418 41 42
1077 396 39 40
1052 417 45 46
697 817 1046 699
661 990 988 754
753 635 751 1082
47 48 1055 395
1082 751 1084 1083
535 999 564 533
691 1094 816 693
438 979 66 67
412 978 23 24
1012 567 545 547
635 633 1105 751
1060 407 50 51
1090 794 793 737
482 1104 1124 491
1094 691 689 814
740 1258 1002 1276
1063 419 52 53
1146 1145 1186 391
1120 579 595 1142
428 102 103 935
1120 1142 793 961
693 816 1050 695
617 630 766 737
918 914 913 1096
1142 617 737 793
1066 398 54 55
1088 421 37 38
1103 606 496 494
407 1060 1061 1059
580 577 579 1120
643 663 797 1170
484 475 473 1118
998 1228 993 996
812 795 793 794
914 912 911 913
1232 420 60 61
845 1090 737 766
569 558 559 560
577 580 581 578
887 775 738 1127
524 636 835 1173
417 1051 44 45
394 1078 42 43
395 1052 46 47
418 1077 40 41
918 917 916 914
787 1129 682 736
588 584 581 583
862 861 856 857
584 588 610 589
1139 1106 1107 1236
396 1088 38 39
1071 422 56 57
562 565 571 570
1090 889 812 794
560 561 565 562
1034 1036 1079 1037
1021 568 551 553
571 577 578 570
883 813 795 812
882 1130 772 1129
833 733 620 1155
1043 765 672 674
787 788 885 828
736 786 788 787
1118 473 471 683
581 580 593 583
852 850 849 851
610 627 729 615
680 682 1129 772
860 1365 1116 1352
1108 397 35 36
1073 400 58 59
1115 399 31 32
980 725 724 723
1141 489 485 484
1140 485 489 490
1137 932 933 934
906 907 910 1144
1147 498 497 618
1098 1096 913 1097
1133 825 824 731
850 848 847 849
485 479 475 484
1095 626 610 588
1145 1146 903 906
601 617 1142 595
1121 747 733 833
729 627 759 731
1274 923 919 922
732 620 501 621
421 1108 36 37
636 563 1148 637
1096 924 921 918
857 856 854 855
1104 480 479 1132
987 984 752 986
731 759 1136 1133
424 1115 32 33
1129 787 828 882
894 616 615 1158
475 479 480 476
501 620 733 614
473 475 476 474
484 1118 1119 1141
486 467 465 1138
1127 738 800 801
498 501 614 500
471 473 474 472
497 498 500 490
479 485 1140 1132
933 932 931 884
738 775 776 732
775 886 888 776
559 558 557 597
1210 469 467 486
1004 1001 591 1003
865 863 927 866
1105 633 632 623
731 824 826 729
490 489 499 497
801 802 896 895
610 615 616 589
390 882 828 1166
912 910 909 911
942 585 581 584
895 898 1127 801
732 621 800 738
592 555 556 557
1083 1085 1123 1082
736 784 875 786
1121 770 748 747
511 512 514 513
682 735 784 736
498 1147 621 501
513 514 516 515
1144 910 912 1143
836 638 639 1080
84 85 440 1150
133 134 441 1151
83 84 1150 425
680 681 735 682
137 138 415 1149
132 133 1151 426
82 83 425 1153
524 523 526 525
883 884 931 813
962 406 130 131
1124 1104 1132 1177
711 710 708 709
81 82 1153 405
709 708 706 707
707 706 704 705
515 516 518 517
705 704 702 703
461 1157 1138 465
439 978 1374 1376
1081 949 947 946
885 899 1166 828
1173 835 943 1203
804 805 806 807
903 905 907 906
1359 762 1367 937
747 734 614 733
973 972 746 967
1102 689 688 687
703 702 700 701
505 507 512 511
713 712 710 711
517 518 520 519
810 807 806 808
701 700 698 699
686 769 805 804
645 641 643 1170
1100 911 909 915
840 880 881 826
646 644 648 647
900 896 802 897
715 714 712 713
793 795 1156 961
910 907 908 909
678 679 681 680
80 81 405 1152
519 520 522 521
1112 687 629 608
1110 1050 816 1249
620 732 776 1155
941 976 428 939
717 716 714 715
699 698 696 697
1056 1054 395 1055
1111 427 128 129
902 900 897 901
1146 902 901 903
633 635 726 634
888 1125 1155 776
490 500 1172 1140
1259 575 1261 1042
843 766 630 803
1170 797 799 1206
719 718 716 717
525 526 528 527
523 524 1173 521
615 729 826 1158
1192 611 496 613
874 872 870 871
621 1147 1160 800
905 903 901 904
801 800 1160 802
491 487 483 482
697 696 694 695
1104 482 481 480
867 771 748 770
914 916 1143 912
1045 1215 804 807
721 720 718 719
527 528 530 529
894 1158 826 881
472 470 469 471
553 554 556 555
1131 97 98 430
1166 95 96 390
960 1224 463 503
500 614 734 1172
747 748 796 734
1000 997 564 999
723 722 720 721
79 80 1152 431
798 797 663 743
647 648 650 649
567 1009 1007 1008
676 677 679 678
551 552 554 553
695 694 692 693
795 813 931 1156
577 571 594 579
725 760 761 727
867 868 869 771
904 1184 618 1194
560 559 1168 561
529 530 532 531
920 866 1182 1162
127 128 427 1159
890 401 144 145
693 692 690 691
549 550 552 551
1147 618 1184 1160
1177 1172 734 796
586 1208 1122 1215
871 870 869 868
637 638 835 636
649 650 652 651
1016 1013 1012 1015
691 690 688 689
510 622 623 605
1316 1024 1320 745
641 645 1080 639
531 532 534 533
911 1100 1097 913
674 675 677 676
651 652 654 653
547 548 550 549
126 127 1159 391
1172 1177 1132 1140
945 946 947 944
964 609 607 1179
689 1102 1235 814
875 784 785 1171
123 124 429 1163
99 1164 430 98
100 393 1164 99
122 123 1163 392
557 556 1178 597
653 654 656 655
617 601 1161 630
545 546 548 547
533 534 536 535
467 469 470 468
535 536 538 537
946 948 955 1081
638 836 943 835
802 1160 1184 897
444 388 118 5
1069 780 696 698
579 594 596 595
640 791 1165 642
951 950 947 949
1167 783 700 702
1122 684 685 686
1114 1182 866 927
855 854 781 764
539 540 542 541
543 544 546 545
537 538 540 539
642 1165 648 644
672 673 675 674
541 542 544 543
487 494 495 488
957 799 797 798
124 125 1186 429
125 126 391 1186
904 901 897 1184
1103 1225 1230 606
684 1122 1208 1201
595 596 602 601
687 1112 1226 1102
1005 566 1008 1007
1076 774 688 690
465 467 468 466
1177 796 1207 1124
792 513 515 1221
561 572 1169 565
554 574 1178 556
487 488 493 483
655 656 658 657
565 1169 594 571
461 465 466 464
847 848 773 822
1157 461 460 459
609 1161 601 602
494 496 611 495
1112 608 607 603
521 1173 1203 519
499 1194 618 497
632 631 605 623
839 808 806 838
773 848 1179 628
1107 510 509 508
608 629 773 628
821 612 624 625
953 645 1170 1206
860 757 758 858
4 389 935 103
505 503 477 504
609 602 603 607
93 408 1211 92
657 658 660 659
507 505 504 506
769 686 685 768
683 1210 1101 1218
907 905 1202 908
764 763 625 624
503 463 464 477
605 604 509 510
464 463 460 461
723 724 815 722
462 458 459 460
687 688 1181 629
959 952 947 950
459 458 456 457
1192 624 612 611
668 669 671 670
1213 1207 771 869
659 660 662 661
633 634 1187 632
666 667 669 668
661 662 665 664
1098 1097 1190 1099
664 665 667 666
1141 1119 1214 1212
1157 459 457 1185
608 628 1179 607
855 764 624 1192
964 1195 1161 609
457 456 453 454
454 492 1185 457
629 1181 876 773
1276 1006 1291 740
905 904 1194 1202
1101 1190 1097 1100
75 411 1175 74
843 803 1195 844
915 1214 1119 1218
604 684 1201 509
704 706 1189 789
570 578 1229 1079
726 757 1187 634
796 748 771 1207
455 451 452 453
1209 454 453 452
706 708 790 1189
725 727 1199 724
1209 452 450 619
836 944 1216 943
631 1196 604 605
74 1175 432 73
466 1188 477 464
712 714 1191 777
1194 499 1212 1202
768 685 1196 809
814 1240 1242 1094
708 710 1193 790
710 712 777 1193
630 1161 1195 803
493 488 495 1197
468 749 1188 466
507 1208 586 512
611 612 1197 495
469 1210 683 471
449 450 452 451
684 604 1196 685
506 1201 1208 507
602 596 1205 603
508 509 1201 506
489 1141 1212 499
761 818 1199 727
718 720 1198 811
720 722 815 1198
506 504 1204 508
1169 1205 596 594
925 450 449 448
502 447 448 449
1094 1242 1249 816
924 492 454 1209
149 150 1200 433
73 432 1180 72
1207 1213 491 1124
446 445 448 447
686 804 1215 1122
1118 683 1218 1119
915 909 908 1214
842 809 1217 846
504 477 1188 1204
631 1217 809 1196
116 117 1222 437
1183 104 105 434
512 586 1223 514
952 1216 944 947
445 446 1222 388
714 716 1220 1191
1100 915 1218 1101
388 1222 117 118
652 650 1219 741
150 151 443 1200
72 1180 442 71
603 1205 1226 1112
811 1220 716 718
517 587 1221 515
1165 1219 650 648
632 755 1217 631
491 1213 1225 1103
1202 1212 1214 908
1254 598 1257 1047
850 1233 1195 964
1086 1083 1084 1244
463 1224 462 460
779 1031 1277 1038
994 993 1228 995
1244 478 1248 1086
1205 1169 572 1226
582 518 516 1227
1002 1245 997 1000
1051 417 1237 1243
1236 749 1241 1139
1050 1110 1254 817
478 1244 1139 1241
1068 1070 1300 780
92 1211 1239 91
578 581 585 1229
1046 1047 1259 819
1339 841 1344 1109
870 1225 1213 869
514 1223 1227 516
1041 1042 1262 820
1144 1143 1246 1234
472 478 1241 470
1225 870 872 1230
61 62 404 1232
906 1144 1234 1145
408 1381 880 1211
656 654 1238 739
1102 1226 572 1235
429 1186 1145 1234
508 1204 1236 1107
1260 1246 1143 916
826 824 1255 840
782 1027 1268 1028
1195 1233 1048 844
1039 1040 1281 827
480 481 1251 476
1249 574 1253 1110
561 1168 1235 572
550 598 1253 552
676 678 1263 767
1162 410 1310 920
1204 1188 749 1236
1353 891 1356 423
546 575 1257 548
414 90 91 1239
814 1235 1168 1240
1275 1123 1085 1269
559 597 1240 1168
741 1238 654 652
1331 985 1335 435
542 599 1261 544
1270 1267 120 121
625 1174 1282 821
660 658 1258 740
90 414 1278 89
536 573 1266 538
749 468 470 1241
481 1264 1087 1251
388 444 1247 445
1006 1276 1001 1004
996 997 1245 998
394 1051 1243 1256
1240 597 1178 1242
530 576 1273 532
1106 1139 1244 1084
1246 1260 392 1163
811 1198 1243 1237
1234 1246 1163 429
478 472 474 1248
521 522 1283 523
612 821 1275 1197
526 600 1279 528
1242 1178 574 1249
476 1251 1248 474
456 1250 455 453
925 448 445 1247
917 919 923 1252
757 726 1287 758
574 554 552 1253
518 582 1286 520
1198 815 1256 1243
1047 1046 817 1254
1247 1274 922 925
1135 1255 824 825
1260 1252 1270 392
832 831 1303 892
858 758 1292 859
665 662 1291 728
483 493 1269 1264
1042 1041 819 1259
598 550 548 1257
119 120 1267 416
1026 1025 820 1262
923 1274 416 1267
1252 1260 916 917
724 1199 1256 815
739 1258 658 656
575 546 544 1261
772 1263 678 680
1004 1005 1297 1006
599 542 540 1265
1285 1302 142 143
114 115 1299 386
1030 1029 1028 1268
482 483 1264 481
692 694 1300 778
1297 1014 1309 728
974 973 1311 975
392 1270 121 122
538 1266 1265 540
1343 989 1348 387
573 536 534 1272
1256 1199 818 1271
1000 1001 1276 1002
1040 1039 1038 1277
532 1273 1272 534
63 64 1373 1298
1078 394 1256 1271
981 980 827 1281
1269 493 1197 1275
430 1296 1130 1131
576 530 528 1279
112 113 1308 436
671 669 1306 730
1200 864 862 1280
1085 1087 1264 1269
147 148 1310 410
862 865 1362 1280
418 1078 1271 1284
967 966 1324 968
1174 1287 753 1282
1082 1123 1282 753
1378 940 1367 762
1336 834 1049 1231
784 735 1318 785
1267 1270 1252 923
600 526 523 1283
886 1332 1149 415
1284 1288 1077 418
681 679 1320 744
143 144 401 1285
1033 1034 1313 1035
1271 818 830 1284
963 1128 1332 887
677 675 1322 745
1009 1010 1307 1011
635 753 1287 726
1363 1290 22 439
67 68 1289 438
871 890 1317 874
110 111 1323 385
1359 937 1372 756
409 1325 1125 1126
740 1291 662 660
821 1282 1123 1275
758 1287 1174 1292
1022 1023 1315 1024
136 137 1149 1293
421 1088 1330 1089
1171 1312 1229 585
625 823 1292 1174
446 1295 437 1222
1019 1327 671 730
876 1304 1232 404
1014 1297 1005 1007
969 970 1331 971
62 63 1298 404
1016 1017 1316 1018
108 109 1329 435
411 1093 845 1342
397 1108 1339 1109
138 139 1334 415
844 879 1342 843
437 1299 115 116
808 1176 1336 810
1200 1280 1362 433
1335 985 984 1343
769 841 1333 805
929 928 1364 403
780 1300 694 696
825 1134 1301 1135
1343 387 107 1335
818 761 1337 830
975 1303 831 974
141 142 1302 409
33 34 1347 424
979 1361 1366 413
929 403 1349 930
78 402 1346 77
27 28 1349 403
809 842 1344 768
107 387 1348 106
770 873 1379 867
29 30 1353 423
89 1278 1294 88
829 1326 1286 1049
24 25 1369 412
520 1286 1326 522
664 666 1359 756
823 1360 928 929
940 1378 672 765
136 1354 135 6
87 1355 86 3
987 988 1351 989
1153 1380 1136 1314
668 670 1378 762
844 1048 1338 879
1079 1229 1312 1037
877 928 1360 781
625 763 1360 823
781 854 1371 877
757 860 1352 1187
847 822 1375 878
1012 1013 1307 1010
420 1232 1304 1075
939 938 1367 940
21 1357 152 1
69 2 70 1358
386 1308 113 114
968 1311 973 967
936 937 1367 938
1356 859 1340 930
582 1231 1049 1286
669 667 1309 1306
433 1310 148 149
728 1309 667 665
759 934 1314 1136
1347 893 1382 424
1312 1313 1034 1037
1035 1315 1023 1033
1024 1316 1017 1022
410 1317 146 147
744 1318 735 681
823 929 930 1340
890 871 868 1319
884 1305 1383 933
745 1320 679 677
852 926 1338 1048
825 1133 1321 1134
1125 888 1334 1126
876 404 1298 1375
436 1323 111 112
1373 878 1375 1298
971 1324 966 969
1350 1117 1382 846
1180 432 1338 926
675 673 1327 1322
1155 1125 1325 833
980 981 1326 829
1181 1377 1304 876
672 671 1327 673
884 883 1385 1305
770 1121 1384 873
1288 1328 396 1077
1152 1305 1385 431
385 1329 109 110
1328 1330 1088 396
985 1331 970 983
1284 830 1341 1288
775 887 1332 886
439 1376 864 1363
774 1075 1304 1377
838 806 805 1333
1126 1334 139 140
435 1335 107 108
760 834 1337 761
934 933 1383 1314
1089 1339 1108 421
830 1337 1176 1341
1176 1337 834 1336
766 843 1342 845
879 1338 432 1175
402 78 79 1092
845 1093 1346 1091
823 1340 859 1292
808 839 1341 1176
989 1343 984 987
837 810 1336 1231
1285 873 1384 1302
841 769 768 1344
1093 76 77 1346
990 756 1372 991
22 1290 1357 21
68 69 1358 1289
926 1345 442 1180
397 1347 34 35
833 1325 1384 1121
434 105 106 1348
1344 842 893 1109
423 1349 28 29
990 991 1351 988
79 431 1385 1092
88 1294 1355 87
389 1183 1368 936
1116 1350 755 1352
846 1217 755 1350
1368 1372 937 936
632 1187 1352 755
858 891 1365 860
868 867 1379 1319
399 1353 30 31
812 1092 1385 883
134 135 1354 441
85 86 1355 440
891 858 859 1356
762 1359 666 668
866 920 1362 865
1345 1289 1358 442
764 781 1360 763
71 442 1358 70
151 152 1357 443
1115 1116 1365 399
403 1364 26 27
1115 424 1382 1117
1133 1136 1380 1321
851 849 1366 1361
1364 1369 25 26
878 1366 849 847
413 1373 64 65
671 672 1378 670
854 856 1374 1371
773 876 1375 822
862 864 1376 861
856 861 1376 1374
1305 1152 405 1383
688 774 1377 1181
842 846 1382 893
136 1293 441 1354
1301 440 1355 1294
1153 1314 1383 405
1357 1290 1363 443
1345 1370 438 1289
1183 434 1351 1368
873 1285 401 1379
1153 425 1321 1380
433 1362 920 1310
890 1319 1379 401
1325 409 1302 1384
926 853 1370 1345
851 1361 1370 853
1372 1368 1351 991
979 438 1370 1361
1456 1396 1441 1425
353 354 1435 1460
1392 1457 1425 1441
1440 1428 1457 1392
354 18 1389 1435
1423 1389 1445 1426
1430 1390 1447 1433
355 356 1390 1445
1463 351 1477 1429
1460 1419 1480 1386
1393 1458 1428 1440
1452 1434 1466 1450
1389 1423 1421 1435
357 358 1402 1447
1443 1446 1458 1393
1462 1398 1466 1437
1444 1408 1446 1443
1402 1437 1433 1447
1390 1430 1426 1445
1435 1421 1419 1460
1391 1404 1408 1444
1405 1406 1411 1410
1438 1414 1409 1407
1407 1405 1410 1438
1403 1394 1453 1448
1443 1393 111 110
1441 1396 115 114
1440 1392 113 112
1403 1391 108 107
1444 1443 110 109
1464 1413 1412 1436
1394 1403 107 106
1392 1441 114 113
1395 116 115 1442
1393 1440 112 111
1413 1411 1406 1412
1391 1444 109 108
1391 1403 1448 1404
1405 1407 1408 1404
1417 1416 1409 1415
1433 1431 1427 1430
1453 1412 1406 1448
1421 1420 1418 1419
1423 1422 1420 1421
1430 1427 1424 1426
1426 1424 1422 1423
1405 1404 1448 1406
1433 1434 1452 1431
1445 1389 18 355
1447 1390 356 357
1460 1386 352 353
1407 1409 1446 1408
1394 1459 1470 1453
245 244 1397 1455
116 1395 1454 117
346 347 1388 1451
1417 1418 1458 1416
155 154 1399 1449
1422 1457 1428 1420
1427 1456 1425 1424
1424 1425 1457 1422
1420 1428 1458 1418
1431 1432 1456 1427
1409 1416 1458 1446
1433 1437 1466 1434
106 105 1459 1394
155 1398 1462 156
244 243 1461 1397
1439 1465 348 349
1439 349 17 1467
345 1472 242 14
157 1473 359 7
1399 1450 1466 1449
117 1454 1476 118
1410 1439 1471 1438
1415 1474 1463 1429
1418 1417 1480 1419
104 4 246 1475
118 1476 153 5
1397 1436 1470 1455
105 104 1475 1459
351 1463 1387 350
1474 1414 1438 1471
1470 1459 1475 1400
1450 1399 1476 1454
1412 1453 1470 1436
1469 1468 1410 1411
1410 1468 1465 1439
347 348 1465 1388
155 1449 1466 1398
350 1387 1467 17
346 1451 1479 1401
156 1462 1473 157
243 242 1472 1461
1409 1414 1474 1415
1415 1429 1480 1417
1436 1397 1461 1464
115 1396 1481 1442
346 1401 1472 345
358 359 1473 1402
1471 1387 1463 1474
245 1455 1470 1400
1450 1454 1395 1482
351 352 1386 1477
1437 1402 1473 1462
1464 1461 1472 1401
154 153 1476 1399
245 1400 1475 246
1431 1452 1478 1432
1432 1478 1442 1481
1396 1456 1432 1481
1469 1388 1465 1468
1450 1482 1478 1452
1439 1467 1387 1471
1442 1478 1482 1395
1401 1479 1413 1464
1388 1469 1479 1451
1411 1413 1479 1469
1429 1477 1386 1480
368 369 1527 1554
1518 1515 1517 1540
369 20 1489 1527
1540 1539 1538 1518
1519 1489 1541 1521
1537 1486 1546 1531
370 371 1486 1541
1557 366 1574 1526
1554 1514 1577 1483
1490 1550 1518 1538
1489 1519 1516 1527
372 373 1497 1546
1542 1544 1550 1490
1555 1494 1564 1533
1543 1504 1544 1542
1497 1533 1531 1546
1486 1537 1521 1541
1559 1487 1539 1540
1527 1516 1514 1554
1488 1500 1504 1543
1525 1531 1533 1530
1501 1502 1507 1506
1535 1510 1505 1503
1503 1501 1506 1535
1499 1491 1549 1545
1538 1539 256 255
1499 1488 251 250
1543 1542 253 252
1542 1490 254 253
1539 1487 257 256
1558 1509 1508 1528
1522 1537 1531 1525
1491 1499 250 249
1490 1538 255 254
1509 1507 1502 1508
1488 1543 252 251
1488 1499 1545 1500
1530 1529 1524 1525
1501 1503 1504 1500
1549 1508 1502 1545
1516 1515 1513 1514
1519 1517 1515 1516
1537 1522 1520 1521
1521 1520 1517 1519
1501 1500 1545 1502
1554 1483 367 368
1541 1489 20 370
1546 1486 371 372
1503 1505 1544 1504
1491 1552 1566 1549
166 165 1493 1547
1525 1524 1523 1522
361 362 1485 1548
1511 1512 1544 1505
1568 1529 1575 1492
1515 1518 1550 1513
1513 1550 1544 1512
259 1492 1553 260
249 248 1552 1491
234 233 1495 1551
234 1494 1555 235
165 164 1556 1493
1536 1560 363 364
1536 364 19 1561
236 1569 374 13
360 1570 163 8
1540 1517 1520 1559
1506 1536 1567 1535
1511 1571 1557 1526
1513 1512 1577 1514
261 1572 232 12
247 9 167 1573
1493 1528 1566 1547
260 1553 1572 261
248 247 1573 1552
366 1557 1484 365
1571 1510 1535 1567
1532 1495 1572 1553
1566 1552 1573 1496
1508 1549 1566 1528
1565 1563 1506 1507
1506 1563 1560 1536
1522 1523 1559 1520
1533 1564 1532 1530
362 363 1560 1485
365 1484 1561 19
259 1578 1568 1492
361 1548 1576 1498
1487 1559 1523 1562
234 1551 1564 1494
1524 1534 1562 1523
164 163 1570 1556
235 1555 1569 236
1505 1510 1571 1511
1511 1526 1577 1512
1528 1493 1556 1558
373 374 1569 1497
361 1498 1570 360
1567 1484 1557 1571
1495 1532 1564 1551
1529 1568 1534 1524
166 1547 1566 1496
1579 1578 259 258
1530 1532 1575 1529
1487 1579 258 257
366 367 1483 1574
1533 1497 1569 1555
1558 1556 1570 1498
1532 1553 1492 1575
233 232 1572 1495
166 1496 1573 167
1565 1485 1560 1563
1536 1561 1484 1567
1487 1562 1534 1579
1498 1576 1509 1558
1485 1565 1576 1548
1507 1509 1576 1565
1579 1534 1568 1578
1526 1574 1483 1577
1586 1597 1608 1589
1601 1598 1609 1581
1605 1580 1604 1594
1604 1584 1606 1594
1593 1599 1581 1609
1608 1597 357 1583
160 1587 1585 161
1581 1599 363 362
357 1597 1586 358
357 356 1596 1583
1592 1591 1588 1590
1585 1587 1588 1598
160 1582 1588 1587
1595 1583 1596 1607
1588 1582 1600 1589
1593 1592 1605 1594
376 377 1604 1580
1607 1603 376 1580
160 159 1600 1582
1606 1602 363 1599
362 361 1601 1581
1588 1589 1608 1590
1588 1591 1609 1598
162 1610 360 8
158 7 359 1611
379 19 364 1613
375 1612 355 18
1584 1604 377 378
1590 1595 1605 1592
1599 1593 1594 1606
1583 1595 1590 1608
1592 1593 1609 1591
159 158 1611 1600
376 1603 1612 375
361 360 1610 1601
363 1602 1613 364
358 1586 1611 359
378 379 1613 1584
356 355 1612 1596
161 1585 1610 162
1580 1605 1595 1607
1606 1584 1613 1602
1598 1601 1610 1585
1589 1600 1611 1586
1607 1596 1612 1603
1619 1631 1641 1623
1638 1628 1646 1617
1638 1620 1639 1628
1632 1629 1640 1618
1627 1615 1640 1629
347 1616 1622 1621
1619 240 239 1631
374 373 1617 1630
1622 1624 1629 1632
1641 1631 239 1614
1625 1627 1629 1624
1641 1614 1647 1626
1622 1632 1635 1621
1622 1616 1634 1623
373 372 1638 1617
1639 1636 381 1615
347 1621 1635 348
347 346 1634 1616
239 238 1633 1614
381 382 1640 1615
1622 1623 1641 1624
349 1644 384 17
380 1645 370 20
241 1643 345 14
237 13 374 1642
1620 1638 372 371
1625 1626 1637 1646
1615 1627 1628 1639
1618 1640 382 383
1625 1624 1641 1626
1630 1617 1646 1637
348 1635 1644 349
346 345 1643 1634
238 237 1642 1633
381 1636 1645 380
371 370 1645 1620
383 384 1644 1618
240 1619 1643 241
1627 1625 1646 1628
374 1630 1633 1642
1623 1634 1643 1619
1639 1620 1645 1636
1632 1618 1644 1635
1630 1647 1614 1633
1630 1637 1626 1647
1669 1666 1677 1650
1652 1665 1676 1658
1672 1664 1673 1649
1673 1664 1674 1653
1663 1676 1665 1651
1654 1656 1657 1666
377 1665 1652 378
1665 377 376 1651
367 1656 1654 368
1677 1667 382 1650
1657 1659 1661 1660
382 1667 1655 383
367 1648 1657 1656
1662 1675 1655 1667
1657 1648 1670 1658
1663 1664 1672 1661
351 1649 1673 352
1675 1649 351 1668
1674 1651 376 1671
367 366 1670 1648
382 381 1669 1650
1657 1660 1677 1666
1657 1658 1676 1659
384 1678 350 17
375 18 354 1680
369 1681 380 20
379 1679 365 19
1660 1661 1672 1662
1653 353 352 1673
1651 1674 1664 1663
1667 1677 1660 1662
1661 1659 1676 1663
366 365 1679 1670
376 375 1680 1671
351 350 1678 1668
381 380 1681 1669
353 1653 1680 354
383 1655 1678 384
378 1652 1679 379
368 1654 1681 369
1649 1675 1662 1672
1675 1668 1678 1655
1666 1669 1681 1654
1674 1671 1680 1653
1658 1670 1679 1652
1873 1917 1878 1926
1928 1840 1976 1696
194 1850 1685 193
1926 1878 1879 1940
1835 1981 1891 1838
1792 1949 1882 1956
1849 1701 2005 1873
1900 1683 1966 1853
1949 1792 1940 1879
1798 1965 1900 1967
1712 1710 1809 1863
1956 1882 1883 1960
163 164 1696 1858
1951 1793 1946 1889
1952 1982 1889 1946
2001 1845 1963 1689
1965 1798 1960 1883
1848 1847 1972 1692
1954 1816 2006 1885
1749 1868 1851 1933
1844 1856 1860 1819
1853 1823 1967 1900
1924 1970 1864 1994
1862 1970 1985 1831
1874 1749 1933 1855
1941 1682 2000 1870
1866 1979 153 154
1690 1962 2004 1913
1988 1808 1991 1876
1856 1844 2001 1857
1871 1964 1779 1957
1923 1920 1986 1830
1692 1849 1872 1848
1855 1925 1737 1874
1760 1860 1856 1776
1801 1869 1870 1845
1708 1707 1703 1865
1865 1809 1710 1708
1755 1893 1819 1860
172 1980 1846 1984
1848 1872 1789 1911
1707 1708 1709 1697
1851 1868 1714 1767
1760 1776 1826 1775
123 122 1697 1859
2001 1844 1801 1845
1758 1869 1801 1768
1768 1750 1746 1758
1970 1862 1863 1864
1749 1716 1714 1868
1704 169 170 1861
1712 1863 1862 1767
1857 1827 1776 1856
1707 1697 122 121
1881 1880 132 131
1861 170 171 1694
1859 1691 124 123
1749 1874 1720 1718
1703 1707 121 120
1875 1686 173 174
1687 1881 131 130
1874 1737 1722 1720
1860 1760 1759 1755
1763 1817 1892 1906
1871 1947 1810 1811
1893 1755 1753 1751
1695 1878 1917 1877
1812 1869 1758 1778
1708 1710 1711 1709
1799 1800 1811 1810
178 179 1887 1890
1731 1735 1895 1903
1746 1745 1722 1737
1897 1698 175 176
1784 1786 1790 1896
1882 1687 1898 1883
1743 1761 1901 1895
1767 1714 1713 1712
1880 1695 133 132
1821 1812 1778 1813
1750 1747 1745 1746
1884 1885 1886 1693
1698 1875 174 175
1884 1693 180 181
1772 1771 1842 1904
1844 1819 1768 1801
1894 1817 1763 1769
1702 1884 181 182
1695 1877 134 133
1800 1799 1796 1797
1748 1756 1761 1743
176 177 1684 1897
1782 1825 1847 1814
1906 1756 1748 1763
1843 1842 1771 1773
1898 1687 130 129
1901 1761 1765 1766
1743 1895 1735 1739
179 180 1693 1887
1766 1780 1902 1901
1766 1765 1773 1771
1806 1910 1802 1803
1739 1741 1748 1743
1899 1898 129 128
1716 1715 1713 1714
1683 1899 128 127
1903 1733 1730 1731
1903 1902 1922 1733
1731 1730 1728 1729
1890 1684 177 178
1966 1683 127 126
1771 1772 1780 1766
1954 1820 1815 1816
1761 1756 1906 1765
1895 1901 1902 1903
1894 1769 1770 1815
1749 1718 1717 1716
1904 1782 1781 1772
1911 1789 1787 1785
1765 1906 1892 1773
1725 1907 1905 1727
1794 1795 1797 1796
1710 1712 1713 1711
1888 1887 1693 1886
1735 1731 1729 1734
1784 1896 1922 1914
1893 1751 1747 1750
1729 1728 1726 1727
1878 1695 1880 1879
1727 1905 1734 1729
134 1877 1917 1706
1790 1791 1795 1794
1786 1788 1791 1790
1814 1783 1781 1782
1891 1890 1887 1888
1937 1728 1730 1736
1790 1829 1922 1896
1763 1764 1770 1769
1739 1735 1734 1738
1824 1811 1800 1823
1719 1721 1724 1919
1741 1739 1738 1740
1833 1835 1838 1837
1847 1848 1911 1814
1922 1902 1780 1914
1908 1732 1725 1723
1799 1810 1927 1938
1935 1909 1937 1736
1786 1784 1783 1785
1814 1911 1785 1783
1758 1925 1855 1778
1748 1741 1757 1918
1788 1786 1785 1787
1806 1807 1833 1832
1763 1748 1918 1764
190 1690 1913 189
1738 1915 1945 1742
1849 1873 1926 1872
1803 1805 1807 1806
1854 1824 1823 1853
120 119 1979 1703
1772 1781 1914 1780
189 1913 1699 188
1807 1834 1835 1833
1909 1935 1794 1796
1905 1915 1738 1734
1690 190 191 1921
1981 1835 1834 1841
1726 1762 1919 1724
1783 1784 1914 1781
1720 1722 1723 1721
1775 1774 1759 1760
1808 1805 1803 1804
1727 1726 1724 1725
1804 1803 1802 1754
1721 1723 1725 1724
1737 1925 1758 1746
188 1699 1916 187
1745 1908 1723 1722
1718 1720 1721 1719
1829 1929 1733 1922
1751 1753 1754 1752
1687 1882 1949 1881
1767 1862 1831 1851
187 1916 1705 186
1822 1830 1986 1821
1834 1807 1805 1852
1839 1777 1774 1818
1736 1730 1733 1929
1716 1717 1744 1715
1983 1839 1818 1846
1818 1774 1775 1912
1755 1759 1932 1753
1736 1929 1829 1935
1750 1768 1819 1893
1774 1777 1932 1759
1859 1934 1969 1691
1790 1794 1935 1829
1804 1754 1753 1932
1908 1745 1747 1931
1754 1802 1931 1752
158 159 1682 1920
193 1685 1943 192
1796 1799 1938 1909
1728 1937 1762 1726
1697 1709 1934 1859
1927 1936 1719 1919
1826 1828 1912 1775
1865 1866 1987 1867
7 158 1920 1923
1821 1813 1933 1822
1947 1871 1957 1744
1751 1752 1931 1747
1778 1855 1933 1813
1811 1824 1964 1871
1718 1719 1936 1717
157 7 1923 1688
1872 1926 1940 1789
1804 1932 1777 1939
1709 1711 1779 1934
1919 1762 1938 1927
1762 1937 1909 1938
1870 1869 1812 1941
1792 1787 1789 1940
1683 1900 1965 1899
1931 1802 1910 1942
1831 1822 1933 1851
1701 1849 1692 1977
1741 1740 1953 1757
156 157 1688 1924
1837 1953 1742 1950
1787 1792 1956 1788
1764 1918 1946 1793
1931 1942 1732 1908
1910 1944 1732 1942
126 125 1974 1966
1921 191 192 1943
164 165 1928 1696
1836 1948 1907 1944
1685 1850 1825 1968
1806 1836 1944 1910
1711 1713 1957 1779
1879 1880 1881 1949
1725 1732 1944 1907
1795 1798 1967 1797
1806 1832 1945 1836
1696 1976 1827 1858
1952 1946 1918 1757
1717 1936 1947 1744
1915 1905 1907 1948
1828 1826 1976 1840
1742 1945 1832 1950
1820 1954 1702 1958
1889 1886 1885 1951
1885 1884 1702 1954
1837 1950 1832 1833
165 166 1930 1928
1738 1742 1953 1740
1982 1952 1837 1838
1936 1927 1810 1947
182 183 1955 1702
1841 1897 1684 1981
1978 1973 1818 1912
1744 1957 1713 1715
1773 1892 1992 1843
196 1692 1972 195
1788 1956 1960 1791
1943 1843 1992 1921
1798 1795 1791 1960
1915 1948 1836 1945
135 1990 199 6
1689 1963 161 162
1757 1953 1837 1952
1838 1891 1888 1982
198 1701 1977 197
1934 1779 1964 1969
162 8 1971 1689
1883 1898 1899 1965
1823 1800 1797 1967
2002 1958 1702 1955
156 1924 1994 1700
125 124 1691 1974
1958 2002 1995 1820
1782 1904 1968 1825
1827 1857 1971 1858
1764 1793 2006 1770
1866 154 155 1987
184 10 185 1993
1975 1978 1912 1828
1805 1808 1988 1852
159 160 2000 1682
1978 1694 1984 1973
1854 1974 1691 1969
1825 1850 1972 1847
1885 2006 1793 1951
1824 1854 1969 1964
168 1996 167 9
1858 1971 8 163
1777 1839 1991 1939
1850 194 195 1972
1689 1971 1857 2001
1809 1999 1864 1863
169 1704 1996 168
1817 1894 2004 1962
1776 1827 1976 1826
1822 1831 1985 1830
1865 1703 1979 1866
1845 1870 2000 1963
1975 1861 1694 1978
1987 1700 1994 1867
1692 196 197 1977
1890 1891 1981 1684
198 1959 2005 1701
1842 1843 1943 1997
1846 1980 1686 1983
1913 2004 1961 1699
172 173 1686 1980
1904 1842 1997 1968
1812 1821 1986 1941
1694 171 172 1984
1875 1876 1983 1686
1886 1889 1982 1888
183 184 1993 1955
1924 1688 1985 1970
1853 1966 1974 1854
1996 1704 1989 1930
1817 1962 1992 1892
1865 1867 1999 1809
134 1706 1990 135
1841 2003 1698 1897
1830 1985 1688 1923
156 1700 1987 155
1916 1699 1961 1995
1941 1986 1920 1682
2002 1955 1993 1705
1815 1820 1995 1961
198 199 1990 1959
1804 1939 1991 1808
1875 1698 2003 1998
186 1705 1993 185
1968 1997 1943 1685
1959 1917 1873 2005
1963 2000 160 161
1834 1852 2003 1841
1875 1998 1988 1876
1815 1770 2006 1816
1840 1928 1930 1989
1861 1975 1989 1704
1921 1992 1962 1690
166 167 1996 1930
1917 1959 1990 1706
1818 1973 1984 1846
1815 1961 2004 1894
1828 1840 1989 1975
1839 1983 1876 1991
1705 1916 1995 2002
2003 1852 1988 1998
1867 1994 1864 1999
5 153 1979 119
2276 2027 2185 2277
2142 2292 2218 2291
2085 2173 2156 2200
2200 2156 2300 2201
2281 2286 2214 2220
2227 2179 2290 2008
2227 2295 2147 2296
2286 2288 2215 2214
2192 2182 2319 2007
2285 2177 2323 2013
2174 2306 2019 2302
2219 2218 2292 2294
2291 2215 2288 2142
2175 2100 2084 2176
2300 2014 2258 2201
2250 2155 2304 2248
2281 2026 2314 2195
2182 2192 2102 2181
2072 2266 2173 2204
2008 2290 97 96
2188 245 246 2301
2033 2114 2189 2187
2295 2219 2294 2147
2176 2084 2073 2198
2028 2032 2033 2187
2072 2221 2253 2183
2237 2196 2195 2194
2109 2110 2271 2270
2299 2174 2302 2029
2114 2199 2200 2190
2016 2191 100 99
2111 2109 2270 2268
2161 2234 2024 2289
2173 2085 2039 2204
2179 2227 2296 2164
2211 2067 2209 2210
2058 2208 2060 2056
2199 2114 2033 2035
2033 2032 101 2022
2100 2177 2182 2181
2176 2198 2077 2242
2121 2118 2178 2172
2063 2060 2208 2251
2208 2058 2232 2203
2118 2095 2094 2117
2181 2091 2084 2100
2084 2080 2070 2073
2100 2175 2323 2177
2200 2199 2037 2085
2028 102 101 2032
2067 2211 2059 2062
2035 2033 2022 2034
2020 2213 2220 2214
2181 2102 2099 2091
2221 2072 2041 2043
2253 2221 2045 2061
2192 2119 2103 2102
2118 2121 2242 2095
2072 2204 2039 2041
101 100 2191 2022
2202 2151 2150 2273
2199 2035 2036 2037
2216 2217 92 91
2123 2101 2223 2231
2247 2150 2148 2252
2187 2189 2309 2188
2084 2091 2099 2080
2108 2109 2111 2107
2198 2074 2075 2077
2095 2082 2093 2094
2134 2224 2140 2136
91 90 2020 2216
2228 2186 2185 2116
2205 2023 223 224
2243 2105 2107 2209
2213 2020 90 89
2225 2226 95 94
2058 2245 2160 2232
2043 2041 2040 2042
2023 2205 2206 2207
2085 2037 2038 2039
2090 2089 2101 2097
2011 2205 224 225
2150 2149 2146 2148
2027 217 218 2222
2070 2061 2047 2069
2031 2213 89 88
2101 2122 2161 2097
2124 2122 2101 2123
2105 2106 2108 2107
2023 2324 222 223
2329 2124 2125 2169
2073 2070 2069 2071
2129 2229 2230 2127
2217 2012 93 92
2223 2066 2063 2231
2132 2152 2193 2153
2079 2089 2090 2087
2063 2251 2254 2231
2079 2223 2101 2089
2210 2209 2107 2111
2041 2039 2038 2040
2232 2224 2134 2239
2127 2128 2130 2129
2098 2105 2243 2088
94 93 2012 2225
2126 2127 2230 2125
2212 2249 2059 2211
2124 2123 2126 2125
102 2028 2301 103
2226 2008 96 95
2218 2219 2225 2012
2203 2130 2128 2154
2140 2224 2232 2160
2056 2054 2053 2055
2229 2129 2131 2132
2148 2146 2144 2145
2116 2090 2097 2228
2077 2082 2095 2242
2223 2079 2078 2066
2196 2237 2135 2139
2232 2239 2130 2203
2054 2056 2060 2059
2214 2215 2216 2020
2145 2144 2141 2143
2143 2141 2138 2140
2054 2052 2051 2053
2152 2132 2131 2133
2116 2115 2087 2090
2198 2073 2071 2074
2080 2099 2183 2253
2063 2062 2059 2060
2193 2152 2237 2194
2163 2117 2094 2162
2221 2043 2044 2045
2063 2066 2078 2065
2067 2062 2063 2065
2129 2130 2239 2131
2140 2138 2137 2136
2136 2135 2133 2134
2236 2145 2143 2255
2082 2077 2075 2081
2150 2151 2164 2149
208 209 2015 2235
2127 2126 2254 2128
2123 2231 2254 2126
2152 2133 2135 2237
2139 2135 2136 2137
2079 2086 2088 2078
2079 2087 2244 2086
2059 2249 2052 2054
2098 2088 2086 2092
2105 2098 2241 2106
209 210 2234 2015
2056 2055 2245 2058
2133 2131 2239 2134
2061 2045 2046 2047
2209 2067 2065 2243
2242 2121 2175 2176
2210 2111 2268 2274
210 211 2024 2234
2053 2064 2245 2055
2255 2064 2256 2236
2061 2070 2080 2253
2170 2092 2086 2244
2151 2165 2179 2164
2047 2046 2049 2048
2069 2047 2048 2233
211 212 2238 2024
2203 2154 2251 2208
2088 2243 2065 2078
2140 2160 2255 2143
2158 2076 2113 2157
2045 2044 2246 2046
2052 2050 2049 2051
2249 2257 2050 2052
2057 2048 2049 2050
2246 2247 2252 2083
2128 2254 2251 2154
2064 2053 2051 2256
2113 2076 2075 2074
2102 2103 2183 2099
2284 2021 2331 2178
2037 2036 2104 2038
212 213 2030 2238
2083 2049 2046 2246
2273 2068 2278 2202
2049 2083 2256 2051
2083 2252 2236 2256
2240 2093 2096 2112
2064 2255 2160 2245
2087 2115 2259 2244
2145 2236 2252 2148
2116 2168 2259 2115
2082 2081 2096 2093
2043 2042 2262 2044
2081 2075 2076 2265
2104 2282 2202 2278
2233 2263 2071 2069
2022 2191 2264 2034
2093 2240 2162 2094
2044 2262 2247 2246
2035 2034 2264 2036
2191 2016 2287 2264
2119 2120 2266 2103
240 241 2250 2248
2113 2074 2071 2263
2076 2158 2267 2265
2072 2183 2103 2266
2233 2269 2113 2263
241 14 2014 2250
2081 2265 2267 2096
2305 2207 2317 2110
2156 2173 2266 2120
2112 2096 2267 2166
2157 2113 2269 2159
2309 2189 2307 2025
14 242 2258 2014
2042 2068 2273 2262
2211 2210 2274 2212
242 243 2025 2258
2179 2165 2282 2180
2322 2230 2229 2283
2268 2270 2158 2157
2042 2040 2278 2068
2159 2269 2057 2272
2048 2057 2269 2233
235 2021 2260 234
2012 2217 2291 2218
2262 2273 2150 2247
2120 2119 2304 2155
2008 2226 2295 2227
237 2013 2279 13
2249 2212 2272 2257
2050 2257 2272 2057
2213 2031 2334 2220
234 2260 2261 233
2270 2271 2267 2158
2112 2166 2312 2171
2194 2195 2314 2017
228 229 2302 2019
217 2027 2276 216
2137 2138 2292 2142
2240 2112 2171 2275
2212 2274 2159 2272
2104 2278 2040 2038
2144 2146 2296 2147
2286 2281 2195 2196
2157 2159 2274 2268
2016 2298 2180 2287
87 3 200 2315
2178 2118 2117 2284
2114 2190 2307 2189
2151 2202 2282 2165
2132 2153 2283 2229
2308 2310 226 227
2109 2108 2305 2110
98 97 2290 2298
2036 2264 2287 2104
2184 2311 219 220
2196 2139 2288 2286
222 2009 2328 221
238 2285 2013 237
2098 2092 2313 2241
2197 205 206 2327
201 202 2314 2026
2188 2309 244 245
215 2318 214 11
2308 2019 2306 2275
2177 2285 2319 2182
240 2007 2319 239
2142 2288 2139 2137
2194 2017 2303 2193
2313 2009 2325 2241
2180 2282 2104 2287
2310 2308 2275 2171
2215 2291 2217 2216
2097 2161 2289 2228
99 98 2298 2016
2163 2162 2306 2174
2235 2293 207 208
2197 2303 204 205
2147 2294 2141 2144
2138 2141 2294 2292
2219 2295 2226 2225
2120 2155 2300 2156
2164 2296 2146 2149
2023 2207 2305 2324
231 12 232 2320
2172 2178 2331 2279
2234 2161 2122 2297
2030 2277 2326 2238
13 2279 2331 236
2185 2186 2326 2277
230 231 2320 2029
2153 2197 2327 2283
2007 2304 2119 2192
2187 2188 2301 2028
203 204 2303 2017
2013 2323 2172 2279
2170 2330 2311 2184
240 2248 2304 2007
2029 2302 229 230
2153 2193 2303 2197
2200 2201 2307 2190
216 2276 2318 215
2155 2250 2014 2300
2106 2167 2305 2108
2322 2283 2327 2010
2117 2163 2321 2284
2299 2029 2320 2261
2171 2312 2011 2310
225 226 2310 2011
2019 2308 227 228
2275 2306 2162 2240
2228 2289 2326 2186
2205 2011 2312 2206
218 219 2311 2018
88 87 2315 2031
2179 2180 2298 2290
2201 2258 2025 2307
2170 2184 2313 2092
2017 2314 202 203
243 244 2309 2025
2207 2206 2316 2317
2277 2030 2318 2276
2121 2172 2323 2175
2122 2124 2329 2297
2185 2027 2222 2333
201 2280 2315 200
2271 2316 2166 2267
2261 2260 2321 2299
2169 2235 2015 2329
207 2293 2322 2010
2285 238 239 2319
213 214 2318 2030
2174 2299 2321 2163
218 2018 2332 2222
222 2324 2325 2009
2125 2230 2322 2169
2184 220 221 2328
207 2010 2327 206
2316 2271 2110 2317
2106 2241 2325 2167
2116 2185 2333 2168
2021 235 236 2331
2222 2332 2168 2333
2244 2259 2330 2170
233 2261 2320 232
2334 2031 2315 2280
2168 2332 2330 2259
2220 2334 2026 2281
2238 2326 2289 2024
2260 2021 2284 2321
201 2026 2334 2280
2234 2297 2329 2015
2235 2169 2322 2293
2325 2324 2305 2167
2166 2316 2206 2312
2332 2018 2311 2330
2009 2313 2184 2328
103 2301 246 4
2892 2890 2891 2725
2735 3250 3022 3024
3023 2350 3024 3022
2857 2747 2866 2853
3024 3026 3028 2735
3117 2995 3246 2378
176 3119 2868 177
2927 2892 2928 2342
3283 2820 3289 3041
2866 2847 2893 2566
3306 2881 3299 2370
2922 3281 2387 3279
2994 2727 2995 2928
3081 3271 2375 3104
2390 3105 3282 3098
2732 3028 3026 3027
2854 2341 3079 3078
2919 3274 2335 3273
2819 3206 2365 3189
3316 2850 3323 2363
2852 2819 3189 3163
2926 3261 2385 3258
3017 3019 3021 2742
2847 2866 2747 2745
177 2868 2358 178
3298 2940 3301 2386
2397 2452 2908 2909
2744 3268 2986 3263
174 3079 2341 175
2358 2868 2857 3332
2535 2893 2847 3126
2864 3253 2336 3249
2361 333 334 3045
2703 3269 2975 3265
2748 3142 3013 3014
3206 3082 3228 2365
271 272 3267 2862
3014 3016 3120 2748
2991 3230 2550 3232
3067 2860 3284 2356
2737 3021 3019 3020
3243 3228 3082 3252
2704 3272 2969 3266
3278 2811 2810 3280
3142 2749 3011 3013
2858 2376 3284 2860
3263 3262 3126 2744
2742 3120 3016 3017
3135 2361 3292 2851
2749 3145 3010 3011
2864 3245 2909 2800
2982 3223 2526 3227
2645 2647 2735 3028
3154 2877 220 219
2906 2405 3201 3033
2390 3098 3099 3244
2690 3256 2962 3257
3145 2734 3008 3010
3318 2849 3321 2362
3081 3104 2391 3252
2534 2539 2566 2893
2408 2412 2901 2902
2347 3058 2865 3297
3097 2867 3154 2364
2978 3216 2523 3218
3232 2550 3234 2932
2657 2659 2742 3021
2928 2892 2725 2994
3272 3276 2970 2969
219 218 2364 3154
2981 3222 3223 2982
2734 3143 3006 3008
2688 3241 2957 3247
3227 2526 3230 2991
2572 2872 2875 3162
2968 2967 2966 2518
2472 3275 2932 3234
3238 3291 2811 3278
3245 2864 3249 2384
2995 3117 2342 2928
2993 3211 2549 3212
2401 3107 2452 2399
2661 2663 2748 3120
2906 3107 2401 2405
2965 2962 3256 3260
3143 3169 3005 3006
2499 2501 2518 2966
2452 3107 2906 2907
3303 2349 3315 2863
2879 2849 3318 3314
2397 2909 3245 2396
2996 2756 2803 2912
2966 2963 2497 2499
2452 2907 2759 2908
2493 2495 2517 2959
2977 3215 3216 2978
317 318 2369 3025
3033 3201 2902 2900
2999 3208 2525 3210
3218 2523 3222 2981
3050 3186 2442 3049
3253 2926 3258 2336
2352 3044 2773 2861
2974 2973 2972 2542
2873 2572 2400 2876
2959 2516 2491 2493
2907 2905 3159 2759
3246 2995 2727 3213
2364 3099 3098 3097
2912 2803 3075 3139
2861 3043 3296 2352
170 2927 2342 171
3017 3016 3015 2348
2910 2751 3170 2903
2939 2938 2937 2714
2614 2617 2716 2941
2956 2955 2954 2516
2901 2412 3173 2910
2461 2911 2453 2455
3020 3019 3018 2372
2627 2629 2727 2994
3014 3013 3012 2371
2520 3031 2987 2512
2946 2750 3103 2945
3059 3204 2548 3205
2878 3196 3102 2845
3261 2919 3273 2385
2503 2505 2542 2972
2964 2970 2690 3257
2829 2831 3000 3182
12 231 2366 2394
217 216 3244 3099
3185 3005 3169 2771
2929 2362 3321 3325
3027 3026 3025 2369
2556 3062 2563 2446
311 312 2348 3015
309 310 2371 3012
313 314 2372 3018
2411 3095 3087 2415
2843 3134 2392 3313
2984 2983 2508 2519
223 222 3139 3075
2508 2983 2542 2507
3009 2357 3011 3010
3005 3185 2368 3004
315 316 2350 3023
2857 2853 2852 3332
2598 2904 2896 3032
2696 3188 2949 3197
3212 2549 3215 2977
2882 2883 3084 2577
2960 2517 2963 2961
3265 2986 3268 2703
3213 2730 3078 3246
2758 2800 2909 2908
2408 2902 3201 2406
2950 2541 2952 2951
3178 2949 3188 2698
2532 3177 2809 3180
2512 2987 2519 2510
2997 2809 3177 3172
2886 2889 2890 2379
2699 2599 2600 2923
2698 3167 2946 3178
2394 2366 3229 3194
2563 3061 2834 3144
2913 3108 3047 2543
2885 2719 2578 3084
2489 2954 2541 2487
2736 2674 2672 2980
2578 2560 2577 3084
2958 2960 2962 2965
2712 2935 2936 2934
2980 2672 2670 2979
3087 3095 3186 3050
2612 2937 2712 2610
2964 2967 2969 2970
2984 2519 2987 2985
2712 2934 2921 2933
3022 3020 2372 3023
3055 2573 2460 3056
3050 3094 2436 3087
2538 2533 2543 3047
2563 2878 2842 3061
2980 2981 2982 2736
2903 3170 2537 3165
2923 2924 2925 2699
2799 2700 2699 2925
2572 2873 2785 2872
3049 3048 2701 2808
3197 2953 3209 2696
2350 3025 3026 3024
3009 3007 306 307
2927 170 169 2379
2844 2841 2836 2842
2916 2917 2918 2705
3159 2905 2899 2904
2357 3009 307 308
2917 2916 2710 2920
3300 3064 3063 3065
2750 2946 3167 3118
2710 2606 2608 2933
3010 3008 3007 3009
2976 2977 2978 2741
2872 2785 2783 2784
2929 2388 280 281
3133 2827 2829 2915
2943 2514 2948 2947
2947 2944 2540 2943
2705 2602 2604 2916
2871 2831 2830 2832
2518 2972 2973 2968
2808 2807 3131 3094
2741 2668 2666 2976
2537 2467 2469 3156
2824 3043 2861 3042
2904 2899 2897 2896
2577 3047 3108 2882
2911 2461 2463 2751
3274 2922 3279 2335
2933 2608 2610 2712
3055 3054 2574 2573
2591 2590 2593 2592
2989 2676 2674 2736
2592 2593 2595 2594
2594 2595 2597 2596
2931 2682 2680 2795
2971 2477 2479 2540
2933 2921 2920 2710
2937 2612 2614 2714
3156 2894 3165 2537
2782 2664 2662 2992
2513 2475 2477 2971
247 3137 2339 9
3164 2997 3172 2536
2606 2710 2916 2604
2943 2481 2483 2514
2795 2680 2678 2990
3032 2896 2895 2806
3068 2801 3112 3067
2599 2699 2700 2616
2971 2540 2944 2945
2945 3103 2513 2971
2542 2983 2984 2974
3280 2810 3283 3041
2563 3062 3196 2878
2720 2685 2931 2797
2590 3103 2750 2593
2597 2599 2616 2596
3072 3131 2807 3146
2676 2989 2990 2678
2664 2782 2976 2666
3004 2345 3006 3005
2475 2513 2589 2474
3055 3036 2711 3054
2602 2705 2923 2600
2700 2799 2800 2758
2930 2363 323 324
2481 2943 2540 2479
2781 2660 2658 2998
2913 2543 2530 3066
2804 2720 2797 3001
3038 3199 3202 3039
2950 2485 2487 2541
2441 3052 2444 2437
2348 3018 3019 3017
2660 2781 2992 2662
2954 2489 2491 2516
2362 2929 281 282
2388 2929 3325 3327
3173 2911 2751 2910
2371 3015 3016 3014
2770 2809 2997 2767
2886 2339 2887 2889
2907 2906 2899 2905
2842 2836 2834 3061
2668 2741 2979 2670
3035 3038 3039 3037
2779 2656 2654 3002
3004 2368 303 304
3030 2344 301 302
3003 2346 297 298
3029 2367 299 300
2656 2779 2998 2658
2614 2941 2939 2714
2713 2588 2711 3034
3034 2711 3036 3035
2485 2950 2514 2483
2646 3046 2777 2652
2588 2586 3054 2711
2389 2930 324 325
2963 2517 2495 2497
3012 2357 308 309
3042 2753 2752 2695
3046 2646 2644 2775
2697 3209 2953 3225
3085 3110 2706 3089
3015 2371 310 311
3066 2529 2545 3100
2379 169 168 2886
3066 3100 2752 2913
2652 2777 3002 2654
2567 2581 2726 2695
2784 2702 2701 3048
3100 2567 2695 2752
3018 2348 312 313
3040 2373 295 296
2869 2912 3139 2359
3052 2556 2446 2444
2530 2527 2529 3066
2596 2616 2757 3125
2434 2425 2423 3070
2442 2875 3048 3049
2949 3178 2944 2947
2773 2754 2752 2753
2357 3012 3013 3011
2702 2683 2651 2701
3181 2369 318 319
2824 3042 2695 2726
2519 2508 2509 2510
2527 2530 2531 2528
2474 2589 2805 3127
3086 3055 3056 3184
2345 3004 304 305
2344 3029 300 301
2368 3030 302 303
2367 3003 298 299
2746 3077 2635 2694
2538 2534 2531 2533
2784 2783 2778 2702
2841 2840 2835 2836
2534 2538 2560 2539
3023 2372 314 315
3138 3072 3146 2708
2512 2515 2521 2520
3042 2861 2773 2753
2510 2511 2515 2512
2692 3090 2451 2569
2985 2987 3031 2988
2972 2518 2501 2503
305 306 3007 2345
2521 2527 2528 2520
2855 2774 2754 2773
3091 3109 2568 3088
2854 3078 2730 3077
2419 3071 2812 2421
2994 2725 2625 2627
2746 2747 2857 2796
2694 2745 2747 2746
2346 3040 296 297
2531 2530 2543 2533
2568 2448 2447 3088
2831 2829 2828 2830
2560 2578 2689 2565
2633 2635 3077 2730
3070 2423 2421 2812
2801 2760 3090 3112
3063 2349 289 290
3057 2347 293 294
3025 2350 316 317
3071 2436 3094 3131
2373 3057 294 295
2931 2685 2684 2682
3084 2883 2884 2885
2435 2434 3101 2439
3076 2914 2755 3093
2435 2429 2425 2434
3080 2792 2791 2691
2829 2827 2826 2828
3047 2577 2560 2538
3069 2761 2760 2801
2551 2567 3100 2545
2867 3097 2859 3096
2689 2578 2719 2691
3229 2874 2785 2873
2340 3075 2803 2914
2569 2451 2448 2568
2589 2513 3103 2590
3096 2583 2582 2738
3048 2875 2872 2784
2836 2835 2833 2834
2938 2935 2712 2937
2760 2564 2451 3090
3088 2447 2449 2570
2691 2719 3083 3080
2374 3063 290 291
3053 2430 2429 3085
2756 2636 2637 2755
3077 2746 2796 2854
2866 2566 2565 3111
2436 2417 2415 3087
3088 2570 2636 3091
2683 3092 2772 2650
2425 2429 2430 2426
2755 2637 2648 3093
2423 2425 2426 2424
3096 2738 2802 2867
2996 3091 2636 2756
2421 2423 2424 2422
3071 2419 2417 2436
3072 3138 3070 2812
2859 2733 2583 3096
2359 2877 2802 2869
2447 2448 2450 2440
2448 2451 2564 2450
2583 2733 2794 2692
2650 2772 3093 2648
2733 2858 2860 2794
2582 2583 2692 2569
2564 2760 2761 2707
2844 2842 2878 2845
2884 2883 2882 2856
3110 3085 2429 2435
2509 2508 2507 2547
2955 2952 2541 2954
3054 2586 2585 2574
2691 2791 2793 2689
2570 2571 2637 2636
2756 2755 2914 2803
2440 2439 2449 2447
2738 2740 2869 2802
2560 2565 2566 2539
2341 2854 2796 3119
2683 2650 2649 2651
2808 2701 2651 2807
2893 2535 2531 2534
2542 2505 2506 2507
2839 3315 3064 3302
2694 2743 2847 2745
3035 3037 3074 3034
2461 2462 2464 2463
2635 2693 2743 2694
3092 2683 2702 2778
2463 2464 2466 2465
3069 2788 2762 2761
3099 2364 218 217
2806 2591 2592 3032
262 263 3105 2390
342 343 2391 3104
341 342 3104 2375
263 264 2376 3105
2633 2634 2693 2635
340 341 2375 3106
2474 2473 2476 2475
2855 2856 2882 2774
2670 2669 2667 2668
339 340 3106 2355
2668 2667 2665 2666
2666 2665 2663 2664
2650 2648 2638 2649
2465 2466 2468 2467
2648 2637 2571 2638
2432 3053 3148 2441
2664 2663 2661 2662
3033 2900 2898 2897
2857 2868 3119 2796
3127 2805 2894 3156
2439 2440 3110 2435
2764 2765 2766 2767
3309 2722 3317 2888
2569 2568 3109 2582
2877 2359 221 220
2924 2923 2705 2918
3051 2644 2643 2642
2662 2661 2659 2660
2455 2457 2462 2461
2912 2869 2740 2996
2672 2671 2669 2670
2467 2468 2470 2469
2707 2706 2450 2564
2770 2767 2766 2768
2660 2659 2657 2658
2846 2818 2816 2817
2598 2594 2596 3125
2641 2729 2765 2764
3090 2692 2794 3112
2819 2852 2853 2793
2599 2597 2601 2600
2674 2673 2671 2672
3123 2815 2814 2789
2752 2754 3108 2913
2631 2632 2634 2633
338 339 2355 3114
2439 3101 3115 2449
2469 2470 2472 2471
3060 2642 2580 2558
3059 3002 2777 3200
2892 2927 2379 2890
2676 2675 2673 2674
2658 2657 2655 2656
2586 2588 2686 2587
2738 2582 3109 2740
3210 2525 3211 2993
2860 3067 3112 2794
2822 2726 2581 2763
3125 2757 2759 3159
2678 2677 2675 2676
2475 2476 2478 2477
3008 3006 2345 3007
2473 2474 3127 2471
2565 2689 2793 3111
3144 2561 2446 2563
3146 2649 2638 2708
2570 2449 3115 2571
2656 2655 2653 2654
3091 2996 2740 3109
2441 2437 2433 2432
2817 2816 2814 2815
3053 2432 2431 2430
2422 2420 2419 2421
2997 3164 2764 2767
2680 2679 2677 2678
2477 2478 2480 2479
3123 2789 2762 2788
2440 2450 2706 3110
2866 3111 2793 2853
2503 2504 2506 2505
3119 176 175 2341
3079 174 173 2378
3075 2340 224 223
2911 3173 2413 2453
2951 2948 2514 2950
2682 2681 2679 2680
2812 3071 3131 3072
337 338 3114 2381
2758 2757 2616 2700
2600 2601 2603 2602
2517 2960 2958 2959
2629 2630 2632 2631
3089 2706 2707 3130
2501 2502 2504 2503
2654 2653 2647 2652
2754 2774 2882 3108
2527 2521 2544 2529
2571 3115 2708 2638
2685 2720 2721 2687
2510 2509 3121 2511
2479 2480 2482 2481
2862 2351 270 271
2652 2647 2645 2646
2499 2500 2502 2501
2590 2591 2805 2589
2536 3160 3073 3164
2602 2603 2605 2604
2967 2964 2963 2966
2460 2573 2574 2555
2646 2645 2643 2644
3266 2975 3269 2704
2594 2598 3032 2592
3049 2808 3094 3050
2481 2482 2484 2483
2627 2628 2630 2629
2604 2605 2607 2606
268 269 3124 2380
2497 2498 2500 2499
2896 2897 2898 2895
2761 2762 3130 2707
2915 2559 2557 3133
2708 3115 3101 3138
2644 3051 3183 2775
2847 2743 2744 3126
2417 2419 2420 2418
228 227 3116 2343
172 3117 2378 173
227 226 2377 3116
171 2342 3117 172
2507 2506 3132 2547
2813 3148 3089 3130
2789 2813 3130 2762
2606 2607 2609 2608
2567 2551 3113 2581
3052 3168 3176 2556
2495 2496 2498 2497
2483 2484 2486 2485
2485 2486 2488 2487
2897 2899 2906 3033
2591 2806 2894 2805
2394 2338 261 12
3021 2737 2655 2657
2529 2544 2546 2545
2593 2750 3118 2595
2902 2901 2898 2900
3120 2742 2659 2661
3073 2639 2640 2641
2834 2833 2739 2724
2489 2490 2492 2491
2493 2494 2496 2495
269 270 2351 3124
2487 2488 2490 2489
2595 3118 2601 2597
2625 2626 2628 2627
2491 2492 2494 2493
2908 2759 2757 2758
2437 2444 2445 2438
2359 3139 222 221
2545 2546 2552 2551
2642 3060 3175 3051
2639 3073 3160 3155
2956 2516 2959 2958
3028 2732 2643 2645
2415 2417 2418 2416
2441 3161 3168 3052
2751 2463 2465 3170
2511 2522 3122 2515
2504 2524 3132 2506
2434 3070 3138 3101
2437 2438 2443 2433
2608 2609 2611 2610
2515 3122 2544 2521
2411 2415 2416 2414
2826 2827 2731 2787
3095 2411 2410 2409
2559 3113 2551 2552
3060 2558 2557 2553
2444 2446 2561 2445
2471 3127 3156 2469
3056 2460 2459 2458
2585 2584 2555 2574
2811 2768 2766 2810
2731 2827 3133 2579
2558 2580 2731 2579
2786 2562 2575 2576
2904 2598 3125 3159
2839 2717 2718 2837
9 2339 2886 168
2455 2453 2427 2454
2559 2552 2553 2557
178 2358 3163 179
3085 3089 3148 3053
2610 2611 2613 2612
2457 2455 2454 2456
2729 2641 2640 2728
2867 2802 2877 3154
2724 2723 2576 2575
2649 3146 2807 2651
2453 2413 2414 2427
2555 2554 2459 2460
2414 2413 2410 2411
2682 2684 2776 2681
2412 2408 2409 2410
2642 2643 3136 2580
2910 2903 2898 2901
2409 2408 2406 2407
3144 2575 2562 2561
2621 2622 2624 2623
2612 2613 2615 2614
2619 2620 2622 2621
2586 2587 3140 2585
2614 2615 2618 2617
2617 2618 2620 2619
2558 2579 3133 2557
2915 3147 3113 2559
2834 2724 2575 3144
2407 2406 2403 2404
2580 3136 2848 2731
3225 2957 3241 2697
333 2361 3135 332
2822 2763 3147 2823
2554 2639 3155 2459
2663 2665 3142 2748
2520 2528 3179 3031
2686 2717 3140 2587
2405 2401 2402 2403
3162 2404 2403 2402
2665 2667 2749 3142
2685 2687 3152 2684
3162 2402 2400 2572
2806 2895 3165 2894
2584 3149 2554 2555
2416 3141 2427 2414
332 3135 2383 331
2914 3076 3174 2340
2671 2673 3143 2734
2728 2640 3149 2769
2775 3190 3193 3046
2667 2669 3145 2749
2669 2671 2734 3145
2581 3113 3147 2763
2418 2709 3141 2416
2443 2438 2445 3150
2457 3160 2536 2462
2561 2562 3150 2445
2399 2400 2402 2401
2639 2554 3149 2640
2456 3155 3160 2457
2552 2546 3158 2553
2458 2459 3155 2456
2721 2780 3152 2687
2677 2679 3151 2771
2679 2681 2776 3151
2456 2454 3157 2458
2789 2814 3161 2813
3122 3158 2546 2544
2876 2400 2399 2398
226 225 3174 2377
2452 2397 2398 2399
3046 3193 3200 2777
2875 2442 2404 3162
331 2383 3153 330
275 276 3134 2382
2396 2395 2398 2397
2641 2764 3164 3073
2441 3148 2813 3161
2821 2769 3166 2825
2454 2427 3141 3157
2584 3166 2769 3149
259 260 3171 2384
3137 247 248 2386
2462 2536 3172 2464
2903 3165 2895 2898
2395 2396 3171 2338
2673 2675 3169 3143
2338 3171 260 261
2605 2603 3167 2698
276 277 2392 3134
330 3153 2393 329
2553 3158 3175 3060
2467 2537 3170 2465
3118 3167 2603 2601
2585 2715 3166 2584
3161 2814 2816 3168
2771 3169 2675 2677
3205 2548 3208 2999
2829 3182 3147 2915
2340 3174 225 224
3038 3035 3036 3195
3095 2409 2407 3186
2413 3173 2412 2410
2736 2982 3227 2989
3168 2816 2818 3176
2556 3176 3196 3062
3195 2428 3199 3038
2945 2944 3178 2946
3158 3122 2522 3175
2532 2468 2466 3177
2953 3197 2948 2951
3217 3203 3092 2778
3184 2709 3191 3086
3002 3059 3205 2779
2428 3195 3086 3191
3289 2820 3294 3058
3030 2368 3185 3192
3020 3022 3250 2737
179 3163 3189 180
2528 2531 2535 3179
2998 2999 3210 2781
2992 2993 3212 2782
2464 3172 3177 2466
2422 2428 3191 2420
3093 2772 3187 3076
319 320 2354 3181
2377 3174 3076 3187
2358 3332 2852 3163
2609 2607 3188 2696
3051 3175 2522 3183
2458 3157 3184 3056
2793 2791 3206 2819
2741 2978 3218 2979
3147 3182 3000 2823
2430 2431 3202 2426
2990 2991 3232 2795
3200 2524 3204 3059
2511 3121 3183 2522
2500 2548 3204 2502
2629 2631 3213 2727
2404 2442 3186 2407
3157 3141 2709 3184
3303 2863 3306 2370
2496 2525 3208 2498
2365 181 180 3189
2775 3183 3121 3190
3226 3074 3037 3219
2509 2547 3190 3121
2772 3092 3203 3187
2698 3188 2607 2605
3281 2936 3285 2387
2492 2549 3211 2494
2338 2394 3194 2395
2613 2611 3209 2697
181 2365 3228 182
2576 3128 3233 2786
2709 2418 2420 3191
2486 2523 3216 2488
2431 3214 3039 3202
3224 3221 230 229
3203 3217 2343 3116
2957 3225 2952 2955
2947 2948 3197 2949
3190 2547 3132 3193
2344 3030 3192 3207
3055 3086 3195 3036
2480 2526 3223 2482
3176 2818 3102 3196
2771 3151 3192 3185
2428 2422 2424 3199
2471 2472 3234 2473
2783 2785 2874 3198
3217 3198 3224 2343
2876 2398 2395 3194
2476 2550 3230 2478
2562 2786 3226 3150
2426 3202 3199 2424
3193 3132 2524 3200
2406 3201 2405 2403
2717 2686 3237 2718
3187 3203 3116 2377
2524 2504 2502 3204
3151 2776 3207 3192
2468 2532 3236 2470
2874 3229 2366 3221
2999 2998 2779 3205
3082 3206 2791 2792
2800 2799 3253 2864
2837 2718 3242 2838
2618 2615 3241 2688
2433 2443 3219 3214
2993 2992 2781 3210
2548 2500 2498 3208
2977 2976 2782 3212
2684 3152 3207 2776
2696 3209 2611 2609
2525 2496 2494 3211
2730 3213 2631 2633
2955 2956 3247 2957
2343 3224 229 228
231 230 3221 2366
3194 3229 2873 2876
2549 2492 2490 3215
257 258 3249 2336
2981 2980 2979 3218
2647 2653 3250 2735
2432 2433 3214 2431
3247 2965 3260 2688
2925 2924 3261 2926
3198 3217 2778 2783
2845 3102 3335 2870
2488 3216 3215 2490
3259 2870 3335 2360
3293 2940 3298 2337
2523 2486 2484 3222
3207 3152 2780 3220
2951 2952 3225 2953
2991 2990 2989 3227
2482 3223 3222 2484
2788 3069 3324 3251
321 322 3323 3248
3029 2344 3207 3220
2932 2931 2795 3232
3219 2443 3150 3226
2378 3246 3078 3079
2526 2480 2478 3230
3134 2843 2841 3231
255 256 3258 2385
2624 2622 3256 2690
3037 3039 3214 3219
273 274 3259 2360
2841 2844 3312 3231
2918 2917 3274 2919
2367 3029 3220 3235
3128 3237 2713 3233
2858 3282 3105 2376
3034 3074 3233 2713
3330 2891 3317 2722
3286 2804 3001 3180
2743 2693 3268 2744
2550 2476 2473 3234
3067 2356 3277 3068
3235 3238 3003 2367
2634 2632 3269 2703
3220 2780 2798 3235
2984 2985 3263 2986
3221 3224 3198 2874
2630 2628 3272 2704
2960 2961 3257 2962
2588 2713 3237 2686
325 326 3239 2389
3313 3240 280 2388
253 254 3273 2335
2817 2862 3267 2846
3309 2888 3322 2716
2697 3241 2615 2613
2786 3233 3074 3226
2718 3237 3128 3242
2973 2974 3265 2975
266 267 3277 2356
2373 3040 3280 3041
3126 3262 3179 2535
2576 2790 3242 3128
2396 3245 2384 3171
2970 3276 2624 2690
2848 3254 3181 2354
2965 3247 2956 2958
2920 2921 3281 2922
320 321 3248 2354
2967 2968 3266 2969
251 252 3279 2387
3097 3098 3282 2859
2361 3045 2824 3292
2347 3057 3289 3058
264 265 3284 2376
2823 2851 3292 2822
2384 3249 258 259
2768 3129 3286 2770
3324 2380 3124 3251
3134 3231 3312 2382
3285 2936 2935 3293
2729 2820 3283 2765
2737 3250 2653 2655
2880 2879 3314 2353
2792 3081 3252 3082
3293 2337 250 3285
2780 2721 3287 2798
2926 3253 2799 2925
291 292 3297 2374
2930 3311 3316 2363
2880 2353 3299 2881
336 2352 3296 335
285 286 3299 2353
2769 2821 3294 2728
250 2337 3298 249
287 288 3303 2370
182 3228 3243 183
2797 3275 3236 3001
282 283 3318 2362
2470 3236 3275 2472
2617 2619 3309 2716
2790 3310 2879 2880
2891 3330 2625 2725
344 10 184 3304
262 3305 215 11
2938 2939 3301 2940
3106 3331 3083 3264
2621 2623 3330 2722
2823 3000 3288 2851
3031 3179 3262 2988
2849 2879 3310 2739
2576 2723 3310 2790
2739 2833 3321 2849
2717 2839 3302 3140
2826 2787 3326 2850
2963 2964 3257 2961
2369 3181 3254 3027
2890 2889 3317 2891
279 3307 278 15
327 16 328 3308
2336 3258 256 257
2919 3261 2924 2918
2887 2888 3317 2889
3306 2838 3290 2881
2532 3180 3001 3236
2622 2620 3260 3256
2382 3259 274 275
2688 3260 2620 2618
2719 2885 3264 3083
3297 2865 3333 2374
3262 3263 2985 2988
2986 3265 2974 2984
2975 3266 2968 2973
2360 3267 272 273
2790 2880 2881 3290
2703 3268 2693 2634
2856 3255 3334 2884
2862 2817 2815 3270
2704 3269 2632 2630
2831 2871 3288 3000
2792 3080 3271 3081
2848 2354 3248 3326
2385 3273 254 255
3323 2850 3326 3248
2922 3274 2917 2920
3300 3065 3333 2825
3153 2383 3288 2871
2628 2626 3276 3272
2931 2932 3275 2797
3136 3328 3254 2848
2625 2624 3276 2626
2856 2855 3336 3255
2380 3277 267 268
2788 3251 3329 3123
3238 3278 2346 3003
3114 3255 3336 2381
2335 3279 252 253
3278 3280 3040 2346
2936 3281 2921 2934
3235 2798 3291 3238
2733 2859 3282 2858
2388 3327 2843 3313
2732 3027 3254 3328
2810 2766 2765 3283
2356 3284 265 266
2387 3285 250 251
3041 3289 3057 2373
2720 2804 3287 2721
2885 2884 3334 3264
2798 3287 3129 3291
3129 3287 2804 3286
2726 2822 3292 2824
2851 3288 2383 3135
2352 336 337 3044
2824 3045 3296 3043
2790 3290 2838 3242
2768 2811 3291 3129
2940 3293 2935 2938
2809 2770 3286 3180
2820 2729 2728 3294
3045 334 335 3296
2941 2716 3322 2942
326 327 3308 3239
280 3240 3307 279
2871 3295 2393 3153
2347 3297 292 293
2386 248 249 3298
3294 2821 2865 3058
2370 3299 286 287
2941 2942 3301 2939
337 2381 3336 3044
183 3243 3304 184
216 215 3305 3244
2339 3137 3319 2887
3064 3300 2715 3302
2825 3166 2715 3300
2815 3123 3329 3270
3319 3322 2888 2887
2585 3140 3302 2715
2837 2863 3315 2839
2349 3303 288 289
2773 3044 3336 2855
343 344 3304 2391
2863 2837 2838 3306
2722 3309 2619 2621
2845 2870 3312 2844
2360 3335 2846 3267
3295 3239 3308 2393
2724 2739 3310 2723
277 278 3307 2392
329 2393 3308 328
3063 3064 3315 2349
2353 3314 284 285
3063 2374 3333 3065
3080 3083 3331 3271
2830 2828 3316 3311
3314 3318 283 284
2850 3316 2828 2826
2801 3068 3324 3069
2363 3323 322 323
2624 2625 3330 2623
2833 2835 3325 3321
2841 2843 3327 2840
2731 2848 3326 2787
3251 3124 2351 3329
2835 2840 3327 3325
2818 2846 3335 3102
3255 3114 2355 3334
2643 2732 3328 3136
2821 2825 3333 2865
3252 2391 3304 3243
262 2390 3244 3305
3106 3264 3334 2355
3307 3240 3313 2392
3295 3320 2389 3239
3137 2386 3301 3319
3106 2375 3271 3331
2862 3270 3329 2351
2382 3312 2870 3259
2380 3324 3068 3277
2871 2832 3320 3295
2830 3311 3320 2832
3322 3319 3301 2942
2930 2389 3320 3311
