3336
0.000000 0.000000
1.000000 0.000000
1.000000 0.350000
0.650000 0.350000
0.350000 0.350000
0.000000 0.350000
0.350000 0.450000
0.350000 0.550000
0.350000 0.650000
0.000000 0.650000
1.000000 0.650000
0.650000 0.650000
0.650000 0.550000
0.650000 0.450000
1.000000 1.000000
0.000000 1.000000
0.550000 0.450000
0.450000 0.450000
0.450000 0.550000
0.550000 0.550000
0.020000 0.000000
0.040000 0.000000
0.060000 0.000000
0.080000 0.000000
0.100000 0.000000
0.120000 0.000000
0.140000 0.000000
0.160000 0.000000
0.180000 0.000000
0.200000 0.000000
0.220000 0.000000
0.240000 0.000000
0.260000 0.000000
0.280000 0.000000
0.300000 0.000000
0.320000 0.000000
0.340000 0.000000
0.360000 0.000000
0.380000 0.000000
0.400000 0.000000
0.420000 0.000000
0.440000 0.000000
0.460000 0.000000
0.480000 0.000000
0.500000 0.000000
0.520000 0.000000
0.540000 0.000000
0.560000 0.000000
0.580000 0.000000
0.600000 0.000000
0.620000 0.000000
0.640000 0.000000
0.660000 0.000000
0.680000 0.000000
0.700000 0.000000
0.720000 0.000000
0.740000 0.000000
0.760000 0.000000
0.780000 0.000000
0.800000 0.000000
0.820000 0.000000
0.840000 0.000000
0.860000 0.000000
0.880000 0.000000
0.900000 0.000000
0.920000 0.000000
0.940000 0.000000
0.960000 0.000000
0.980000 0.000000
1.000000 0.019444
1.000000 0.038889
1.000000 0.058333
1.000000 0.077778
1.000000 0.097222
1.000000 0.116667
1.000000 0.136111
1.000000 0.155556
1.000000 0.175000
1.000000 0.194444
1.000000 0.213889
1.000000 0.233333
1.000000 0.252778
1.000000 0.272222
1.000000 0.291667
1.000000 0.311111
1.000000 0.330556
0.980556 0.350000
0.961111 0.350000
0.941667 0.350000
0.922222 0.350000
0.902778 0.350000
0.883333 0.350000
0.863889 0.350000
0.844444 0.350000
0.825000 0.350000
0.805556 0.350000
0.786111 0.350000
0.766667 0.350000
0.747222 0.350000
0.727778 0.350000
0.708333 0.350000
0.688889 0.350000
0.669444 0.350000
0.631250 0.350000
0.612500 0.350000
0.593750 0.350000
0.575000 0.350000
0.556250 0.350000
0.537500 0.350000
0.518750 0.350000
0.500000 0.350000
0.481250 0.350000
0.462500 0.350000
0.443750 0.350000
0.425000 0.350000
0.406250 0.350000
0.387500 0.350000
0.368750 0.350000
0.330556 0.350000
0.311111 0.350000
0.291667 0.350000
0.272222 0.350000
0.252778 0.350000
0.233333 0.350000
0.213889 0.350000
0.194444 0.350000
0.175000 0.350000
0.155556 0.350000
0.136111 0.350000
0.116667 0.350000
0.097222 0.350000
0.077778 0.350000
0.058333 0.350000
0.038889 0.350000
0.019444 0.350000
0.000000 0.330556
0.000000 0.311111
0.000000 0.291667
0.000000 0.272222
0.000000 0.252778
0.000000 0.233333
0.000000 0.213889
0.000000 0.194444
0.000000 0.175000
0.000000 0.155556
0.000000 0.136111
0.000000 0.116667
0.000000 0.097222
0.000000 0.077778
0.000000 0.058333
0.000000 0.038889
0.000000 0.019444
0.350000 0.366667
0.350000 0.383333
0.350000 0.400000
0.350000 0.416667
0.350000 0.433333
0.350000 0.466667
0.350000 0.483333
0.350000 0.500000
0.350000 0.516667
0.350000 0.533333
0.350000 0.566667
0.350000 0.583333
0.350000 0.600000
0.350000 0.616667
0.350000 0.633333
0.330556 0.650000
0.311111 0.650000
0.291667 0.650000
0.272222 0.650000
0.252778 0.650000
0.233333 0.650000
0.213889 0.650000
0.194444 0.650000
0.175000 0.650000
0.155556 0.650000
0.136111 0.650000
0.116667 0.650000
0.097222 0.650000
0.077778 0.650000
0.058333 0.650000
0.038889 0.650000
0.019444 0.650000
0.000000 0.631250
0.000000 0.612500
0.000000 0.593750
0.000000 0.575000
0.000000 0.556250
0.000000 0.537500
0.000000 0.518750
0.000000 0.500000
0.000000 0.481250
0.000000 0.462500
0.000000 0.443750
0.000000 0.425000
0.000000 0.406250
0.000000 0.387500
0.000000 0.368750
1.000000 0.368750
1.000000 0.387500
1.000000 0.406250
1.000000 0.425000
1.000000 0.443750
1.000000 0.462500
1.000000 0.481250
1.000000 0.500000
1.000000 0.518750
1.000000 0.537500
1.000000 0.556250
1.000000 0.575000
1.000000 0.593750
1.000000 0.612500
1.000000 0.631250
0.980556 0.650000
0.961111 0.650000
0.941667 0.650000
0.922222 0.650000
0.902778 0.650000
0.883333 0.650000
0.863889 0.650000
0.844444 0.650000
0.825000 0.650000
0.805556 0.650000
0.786111 0.650000
0.766667 0.650000
0.747222 0.650000
0.727778 0.650000
0.708333 0.650000
0.688889 0.650000
0.669444 0.650000
0.650000 0.633333
0.650000 0.616667
0.650000 0.600000
0.650000 0.583333
0.650000 0.566667
0.650000 0.533333
0.650000 0.516667
0.650000 0.500000
0.650000 0.483333
0.650000 0.466667
0.650000 0.433333
0.650000 0.416667
0.650000 0.400000
0.650000 0.383333
0.650000 0.366667
0.368750 0.650000
0.387500 0.650000
0.406250 0.650000
0.425000 0.650000
0.443750 0.650000
0.462500 0.650000
0.481250 0.650000
0.500000 0.650000
0.518750 0.650000
0.537500 0.650000
0.556250 0.650000
0.575000 0.650000
0.593750 0.650000
0.612500 0.650000
0.631250 0.650000
1.000000 0.669444
1.000000 0.688889
1.000000 0.708333
1.000000 0.727778
1.000000 0.747222
1.000000 0.766667
1.000000 0.786111
1.000000 0.805556
1.000000 0.825000
1.000000 0.844444
1.000000 0.863889
1.000000 0.883333
1.000000 0.902778
1.000000 0.922222
1.000000 0.941667
1.000000 0.961111
1.000000 0.980556
0.980000 1.000000
0.960000 1.000000
0.940000 1.000000
0.920000 1.000000
0.900000 1.000000
0.880000 1.000000
0.860000 1.000000
0.840000 1.000000
0.820000 1.000000
0.800000 1.000000
0.780000 1.000000
0.760000 1.000000
0.740000 1.000000
0.720000 1.000000
0.700000 1.000000
0.680000 1.000000
0.660000 1.000000
0.640000 1.000000
0.620000 1.000000
0.600000 1.000000
0.580000 1.000000
0.560000 1.000000
0.540000 1.000000
0.520000 1.000000
0.500000 1.000000
0.480000 1.000000
0.460000 1.000000
0.440000 1.000000
0.420000 1.000000
0.400000 1.000000
0.380000 1.000000
0.360000 1.000000
0.340000 1.000000
0.320000 1.000000
0.300000 1.000000
0.280000 1.000000
0.260000 1.000000
0.240000 1.000000
0.220000 1.000000
0.200000 1.000000
0.180000 1.000000
0.160000 1.000000
0.140000 1.000000
0.120000 1.000000
0.100000 1.000000
0.080000 1.000000
0.060000 1.000000
0.040000 1.000000
0.020000 1.000000
0.000000 0.980556
0.000000 0.961111
0.000000 0.941667
0.000000 0.922222
0.000000 0.902778
0.000000 0.883333
0.000000 0.863889
0.000000 0.844444
0.000000 0.825000
0.000000 0.805556
0.000000 0.786111
0.000000 0.766667
0.000000 0.747222
0.000000 0.727778
0.000000 0.708333
0.000000 0.688889
0.000000 0.669444
0.633333 0.450000
0.616667 0.450000
0.600000 0.450000
0.583333 0.450000
0.566667 0.450000
0.533333 0.450000
0.516667 0.450000
0.500000 0.450000
0.483333 0.450000
0.466667 0.450000
0.433333 0.450000
0.416667 0.450000
0.400000 0.450000
0.383333 0.450000
0.366667 0.450000
0.366667 0.550000
0.383333 0.550000
0.400000 0.550000
0.416667 0.550000
0.433333 0.550000
0.466667 0.550000
0.483333 0.550000
0.500000 0.550000
0.516667 0.550000
0.533333 0.550000
0.566667 0.550000
0.583333 0.550000
0.600000 0.550000
0.616667 0.550000
0.633333 0.550000
0.450000 0.466667
0.450000 0.483333
0.450000 0.500000
0.450000 0.516667
0.450000 0.533333
0.550000 0.533333
0.550000 0.516667
0.550000 0.500000
0.550000 0.483333
0.550000 0.466667
0.512978 0.334259
0.437525 0.333903
0.585307 0.335571
0.360672 0.333612
0.654196 0.334101
0.811293 0.331299
0.186415 0.333009
0.264142 0.333377
0.733301 0.331912
0.467822 0.018616
0.549129 0.017440
0.386434 0.016637
0.306016 0.015954
0.688822 0.017895
0.221776 0.017726
0.768737 0.018307
0.017006 0.174065
0.981246 0.167848
0.144412 0.015999
0.847623 0.018019
0.983777 0.235352
0.108273 0.332565
0.608874 0.017710
0.868564 0.333316
0.016734 0.231089
0.018397 0.113415
0.982294 0.114867
0.086077 0.015584
0.905638 0.015374
0.924354 0.332638
0.018162 0.286558
0.322413 0.333532
0.509112 0.017552
0.426299 0.017167
0.648837 0.017804
0.808734 0.017604
0.346547 0.016373
0.728777 0.018188
0.182467 0.015720
0.266552 0.016986
0.983058 0.277821
0.069287 0.332852
0.147409 0.332778
0.693941 0.333120
0.225208 0.333204
0.772221 0.331522
0.984631 0.203968
0.982278 0.076264
0.018287 0.076594
0.615736 0.333987
0.549632 0.333260
0.475376 0.334086
0.399249 0.333729
0.945109 0.016152
0.049839 0.020749
0.981995 0.313564
0.029519 0.333968
0.982408 0.037076
0.018078 0.034348
0.341733 0.333558
0.354370 0.317033
0.374287 0.317046
0.371393 0.299551
0.350786 0.299857
0.348105 0.282740
0.327991 0.283626
0.345951 0.266413
0.326536 0.266958
0.324803 0.250372
0.305171 0.250314
0.344014 0.250118
0.322508 0.233773
0.303150 0.233543
0.320928 0.217283
0.301544 0.216789
0.301399 0.200016
0.281765 0.199581
0.321226 0.200720
0.303965 0.183229
0.284363 0.182761
0.262183 0.199214
0.264775 0.182352
0.242590 0.198863
0.245126 0.181955
0.223064 0.198518
0.225449 0.181581
0.203556 0.198174
0.205776 0.181249
0.184062 0.197828
0.186158 0.180925
0.164610 0.197454
0.166685 0.180547
0.289583 0.165931
0.209912 0.164128
0.145284 0.196968
0.147303 0.179904
0.151277 0.162862
0.131617 0.160734
0.137579 0.143963
0.165421 0.214380
0.146012 0.213982
0.242989 0.215768
0.121878 0.138080
0.128828 0.128325
0.147916 0.230966
0.128114 0.230600
0.107921 0.154756
0.285672 0.250140
0.140433 0.128907
0.109332 0.126827
0.122548 0.118111
0.094598 0.111515
0.130095 0.247555
0.110300 0.247207
0.149823 0.247914
0.108281 0.230255
0.090765 0.246887
0.371109 0.278183
0.309250 0.166395
0.296247 0.149089
0.315857 0.149537
0.302047 0.132220
0.321615 0.132628
0.282043 0.131587
0.285424 0.114878
0.267405 0.114499
0.335169 0.149945
0.341354 0.132996
0.354705 0.150347
0.361155 0.133357
0.374462 0.150726
0.381097 0.133714
0.394239 0.151086
0.401090 0.134089
0.413949 0.151463
0.420874 0.134437
0.433377 0.151838
0.440546 0.134673
0.452639 0.152218
0.446561 0.169064
0.465985 0.169486
0.472384 0.152668
0.485495 0.169905
0.491911 0.153126
0.504923 0.170331
0.511395 0.153581
0.524352 0.170767
0.530888 0.154032
0.543829 0.171220
0.550414 0.154486
0.563352 0.171709
0.569997 0.154970
0.583086 0.172274
0.589735 0.155521
0.603357 0.172887
0.609765 0.156090
0.624144 0.173436
0.630048 0.156575
0.644977 0.174019
0.650369 0.157054
0.665702 0.175059
0.670628 0.157619
0.686673 0.176106
0.690853 0.158196
0.707581 0.176275
0.710959 0.158669
0.727576 0.176085
0.730564 0.159250
0.745878 0.176083
0.748735 0.160555
0.758851 0.175623
0.764601 0.164114
0.778848 0.170535
0.792862 0.178858
0.803132 0.161544
0.818085 0.169775
0.828346 0.152545
0.833381 0.177501
0.463886 0.186250
0.541590 0.187987
0.843338 0.160885
0.621921 0.190037
0.663007 0.192309
0.729792 0.193207
0.807941 0.187359
0.847800 0.186319
0.857881 0.170006
0.838469 0.135600
0.578279 0.138198
0.755605 0.144294
0.677745 0.140532
0.519468 0.136764
0.872028 0.180641
0.861303 0.197792
0.882346 0.163263
0.886102 0.191457
0.876927 0.212951
0.406225 0.117228
0.891863 0.213219
0.883718 0.233936
0.859380 0.227725
0.345212 0.116030
0.388354 0.168214
0.897240 0.225301
0.889197 0.246078
0.502706 0.187087
0.580822 0.188972
0.769165 0.187924
0.899041 0.201703
0.868027 0.153376
0.892683 0.146165
0.878178 0.136621
0.788473 0.153759
0.717498 0.141579
0.637791 0.139638
0.480238 0.135541
0.902888 0.129190
0.888339 0.119865
0.873421 0.111190
0.286389 0.098125
0.267429 0.098340
0.088382 0.125750
0.882965 0.094948
0.868951 0.086271
0.898473 0.103206
0.904769 0.244705
0.113827 0.102765
0.131538 0.097659
0.088150 0.090976
0.088766 0.229948
0.896485 0.265956
0.881223 0.257939
0.917802 0.138505
0.131654 0.264497
0.308108 0.283788
0.071648 0.246674
0.092314 0.263825
0.253376 0.113252
0.249615 0.100941
0.123403 0.080207
0.144568 0.073752
0.920708 0.228246
0.922807 0.255541
0.877192 0.075465
0.856141 0.074051
0.926952 0.121974
0.267356 0.080827
0.243999 0.080519
0.225594 0.090559
0.219812 0.079851
0.209365 0.094488
0.444619 0.185852
0.446539 0.202665
0.427065 0.202375
0.432162 0.219256
0.451366 0.219507
0.436865 0.235995
0.455642 0.236264
0.438229 0.252544
0.456969 0.252878
0.417610 0.236137
0.454956 0.269328
0.474183 0.269697
0.475804 0.253238
0.493251 0.270089
0.494866 0.253635
0.512342 0.270524
0.513996 0.254068
0.531552 0.271114
0.533197 0.254578
0.551023 0.272163
0.552516 0.255215
0.570966 0.273333
0.572035 0.255988
0.591112 0.274351
0.591985 0.257023
0.613411 0.278265
0.612544 0.257799
0.435781 0.268933
0.636220 0.274514
0.633121 0.257590
0.655576 0.273053
0.652865 0.256903
0.673573 0.272099
0.671750 0.256352
0.686883 0.271666
0.693443 0.257710
0.712152 0.274953
0.719262 0.260810
0.735003 0.277266
0.733136 0.260875
0.754602 0.277581
0.751567 0.260670
0.774067 0.277712
0.770805 0.260683
0.793502 0.277831
0.790273 0.260798
0.812743 0.277788
0.204222 0.215096
0.306289 0.098417
0.307149 0.081520
0.327594 0.082024
0.844362 0.090665
0.826337 0.075732
0.817259 0.099546
0.802871 0.074722
0.798666 0.094277
0.782740 0.073847
0.779182 0.092032
0.762896 0.073204
0.759525 0.090916
0.743046 0.072652
0.739743 0.090230
0.723181 0.072152
0.719919 0.089697
0.703312 0.071737
0.700087 0.089252
0.683436 0.071426
0.680256 0.088874
0.663555 0.071172
0.660432 0.088536
0.643687 0.070916
0.640624 0.088200
0.623847 0.070624
0.620835 0.087843
0.604041 0.070289
0.601042 0.087458
0.584266 0.069931
0.581261 0.087054
0.564459 0.069563
0.561518 0.086634
0.544747 0.069199
0.541847 0.086154
0.525576 0.068839
0.522556 0.085371
0.508210 0.068431
0.504394 0.083382
0.496319 0.068045
0.489148 0.077743
0.477271 0.067555
0.464540 0.077241
0.207392 0.079489
0.458985 0.067221
0.629679 0.240360
0.913629 0.272884
0.686721 0.237140
0.931956 0.278687
0.072981 0.263634
0.069784 0.229682
0.087179 0.212913
0.809651 0.260734
0.831070 0.277231
0.934153 0.145858
0.074292 0.280690
0.550708 0.238429
0.589796 0.239649
0.512156 0.237432
0.451513 0.285614
0.432454 0.285240
0.785811 0.243806
0.747101 0.244123
0.489638 0.286310
0.068216 0.212552
0.067227 0.195303
0.249956 0.164864
0.527758 0.287352
0.213943 0.110846
0.567802 0.293583
0.191247 0.095329
0.603510 0.290138
0.250733 0.060087
0.639248 0.290040
0.210124 0.065171
0.192535 0.063007
0.939501 0.262013
0.448434 0.082284
0.447094 0.067242
0.675118 0.286814
0.130182 0.061447
0.116373 0.063412
0.716055 0.296591
0.942104 0.128524
0.756260 0.295267
0.309062 0.064720
0.329494 0.065364
0.049213 0.194583
0.066381 0.178010
0.795276 0.295229
0.872571 0.059824
0.819919 0.052984
0.055259 0.281165
0.054232 0.263999
0.582084 0.052565
0.781005 0.055260
0.555220 0.103568
0.741200 0.054629
0.112610 0.047274
0.614448 0.104877
0.701367 0.053869
0.828683 0.260112
0.824617 0.242302
0.844413 0.276730
0.833385 0.293941
0.850649 0.289563
0.661511 0.053477
0.621698 0.053104
0.470120 0.219863
0.348286 0.167468
0.926619 0.168013
0.943924 0.165210
0.936208 0.187396
0.086496 0.195557
0.417255 0.268292
0.413480 0.284505
0.399299 0.266596
0.093848 0.280859
0.096466 0.297967
0.116249 0.298205
0.933856 0.110678
0.348347 0.082564
0.350113 0.066044
0.370686 0.066575
0.369298 0.083052
0.390956 0.067003
0.289093 0.064203
0.389950 0.083614
0.523184 0.052137
0.954973 0.178190
0.942773 0.198937
0.807878 0.118470
0.489355 0.058070
0.772164 0.109810
0.733152 0.107470
0.448722 0.052514
0.693556 0.106457
0.653966 0.105662
0.150920 0.095255
0.879759 0.045680
0.151071 0.056225
0.927047 0.296390
0.946701 0.297965
0.902446 0.292511
0.496529 0.099841
0.834166 0.312117
0.449570 0.098956
0.430170 0.051037
0.431076 0.301497
0.411983 0.300976
0.051563 0.229536
0.429724 0.083743
0.425487 0.185525
0.407673 0.202505
0.388581 0.100148
0.371606 0.049872
0.391355 0.050173
0.904866 0.314824
0.330921 0.048759
0.290576 0.047770
0.946479 0.111843
0.947161 0.095095
0.962066 0.135360
0.271995 0.047006
0.894661 0.046458
0.894644 0.062684
0.914962 0.046756
0.918729 0.067522
0.934769 0.045653
0.940547 0.061392
0.948061 0.043380
0.093329 0.047144
0.093869 0.067281
0.074519 0.046805
0.072225 0.062030
0.197299 0.047583
0.179345 0.045789
0.215239 0.050374
0.061228 0.046206
0.051975 0.058157
0.070043 0.077441
0.041146 0.043023
0.052717 0.076918
0.053623 0.093595
0.048771 0.177621
0.046613 0.161575
0.064297 0.160909
0.060926 0.144015
0.042488 0.145518
0.057756 0.127332
0.032409 0.193736
0.039033 0.128806
0.850443 0.259858
0.854131 0.040809
0.109750 0.031361
0.891157 0.031318
0.964639 0.095007
0.885318 0.317377
0.878890 0.300566
0.814163 0.312857
0.955511 0.198640
0.954128 0.215204
0.857602 0.311039
0.036665 0.283096
0.057764 0.298597
0.035855 0.265483
0.964940 0.160591
0.022596 0.153077
0.200720 0.032185
0.413902 0.317463
0.289629 0.031903
0.868640 0.279445
0.101441 0.315222
0.121209 0.315401
0.136014 0.298493
0.081996 0.315267
0.850154 0.331968
0.140870 0.315611
0.155597 0.298782
0.160469 0.315825
0.175049 0.299061
0.153092 0.281799
0.172603 0.282125
0.194421 0.299328
0.192088 0.282442
0.190696 0.265548
0.210068 0.265889
0.211306 0.282750
0.229404 0.266219
0.230515 0.283052
0.248706 0.266519
0.249843 0.283334
0.208436 0.248975
0.252403 0.300070
0.271914 0.300277
0.269454 0.283564
0.291380 0.300401
0.035762 0.093997
0.288893 0.283715
0.311010 0.300424
0.296406 0.316966
0.287315 0.266950
0.330877 0.300264
0.960190 0.054194
0.071344 0.093428
0.128784 0.032608
0.147473 0.033077
0.165159 0.031747
0.936385 0.214301
0.940430 0.229210
0.951735 0.231127
0.946771 0.246393
0.673828 0.333784
0.656888 0.318571
0.657896 0.303414
0.676392 0.317780
0.696281 0.316326
0.695737 0.299349
0.716075 0.314767
0.869049 0.244786
0.406103 0.185471
0.387665 0.203756
0.393830 0.221337
0.375793 0.225908
0.363809 0.207463
0.384030 0.241523
0.353547 0.219403
0.341048 0.202283
0.339957 0.218185
0.364886 0.186014
0.399891 0.237564
0.389796 0.251857
0.365885 0.250555
0.382891 0.261516
0.394309 0.282582
0.392546 0.299935
0.344240 0.185102
0.328938 0.166935
0.910574 0.186283
0.089070 0.332632
0.062671 0.315832
0.907913 0.086506
0.508786 0.286727
0.507141 0.302701
0.488398 0.302369
0.490142 0.318314
0.526103 0.303062
0.543890 0.303615
0.527572 0.318491
0.470923 0.285934
0.469672 0.302068
0.450706 0.301789
0.452435 0.317919
0.713129 0.332447
0.735857 0.313805
0.067110 0.016816
0.925494 0.015535
0.473667 0.094176
0.467385 0.116614
0.547063 0.288752
0.556702 0.304619
0.576302 0.310250
0.560772 0.315113
0.590022 0.290693
0.593050 0.305528
0.608735 0.300240
0.597361 0.320129
0.623100 0.294057
0.627709 0.303947
0.522587 0.187534
0.504505 0.203885
0.485265 0.203462
0.489321 0.220262
0.524184 0.204332
0.543500 0.204796
0.527888 0.221138
0.561657 0.188482
0.563075 0.205275
0.582619 0.205725
0.566682 0.222115
0.601645 0.189475
0.602832 0.206159
0.623136 0.206683
0.606151 0.223052
0.643130 0.207310
0.643099 0.190860
0.661963 0.208044
0.675380 0.209185
0.664054 0.223252
0.685921 0.197640
0.697055 0.216079
0.645705 0.223645
0.709907 0.194583
0.715661 0.212357
0.735162 0.210514
0.722691 0.229351
0.704673 0.233105
0.484049 0.186673
0.749191 0.192091
0.754781 0.209396
0.774167 0.208943
0.760737 0.226823
0.634008 0.105264
0.626143 0.122246
0.606399 0.121804
0.594550 0.104448
0.574712 0.104012
0.566912 0.120901
0.547286 0.120427
0.785578 0.191334
0.793726 0.209639
0.818515 0.209974
0.800291 0.226537
0.824006 0.194066
0.831248 0.210928
0.535476 0.102988
0.515919 0.101947
0.508057 0.119012
0.673568 0.106033
0.665783 0.123080
0.735804 0.295460
0.755483 0.313421
0.367835 0.099633
0.713177 0.106906
0.705436 0.123977
0.945139 0.078117
0.429056 0.100328
0.752609 0.108343
0.488644 0.018258
0.529081 0.017420
0.536988 0.034811
0.556775 0.034904
0.568914 0.017533
0.576506 0.035075
0.588770 0.017630
0.596299 0.035264
0.616216 0.035431
0.628697 0.017773
0.636126 0.035560
0.656114 0.035648
0.668678 0.017844
0.676057 0.035744
0.696041 0.035895
0.708645 0.018041
0.715969 0.036145
0.735949 0.036438
0.720655 0.054209
0.755930 0.036666
0.748461 0.018302
0.775812 0.036676
0.788468 0.018044
0.795504 0.036209
0.814917 0.035110
0.800333 0.055004
0.406060 0.016818
0.446518 0.018084
0.838039 0.201149
0.412780 0.219740
0.358850 0.231351
0.194513 0.112321
0.195913 0.129591
0.215970 0.128348
0.176133 0.129724
0.193728 0.146752
0.174156 0.146623
0.366258 0.016546
0.350186 0.032835
0.950291 0.152922
0.970532 0.149528
0.976845 0.184753
0.982529 0.133980
0.790452 0.113056
0.910151 0.214024
0.268044 0.266747
0.247040 0.249617
0.266241 0.249883
0.264146 0.232990
0.227618 0.249301
0.225428 0.232368
0.833374 0.108682
0.095580 0.136513
0.127437 0.178490
0.232088 0.106213
0.240235 0.124848
0.261998 0.130099
0.325960 0.016130
0.309357 0.031996
0.744709 0.125545
0.128213 0.332683
0.858811 0.101803
0.083514 0.078937
0.073514 0.110158
0.245472 0.021553
0.238138 0.039135
0.258137 0.033216
0.185055 0.214749
0.186998 0.231691
0.896819 0.174246
0.050291 0.212115
0.326723 0.098822
0.174476 0.112550
0.106690 0.177375
0.035006 0.247763
0.017323 0.249841
0.077530 0.298091
0.043336 0.317427
0.814110 0.294984
0.794528 0.313145
0.791200 0.331473
0.126070 0.196265
0.950021 0.281482
0.964921 0.297601
0.945100 0.315208
0.955794 0.266487
0.932776 0.239452
0.262664 0.216096
0.234931 0.146304
0.126532 0.213546
0.167535 0.231330
0.907999 0.156510
0.233217 0.299823
0.214029 0.299578
0.199306 0.316217
0.180130 0.316028
0.111969 0.264162
0.466375 0.203059
0.019791 0.304896
0.982516 0.295249
0.050144 0.333709
0.984746 0.216713
0.982376 0.259927
0.360172 0.265113
0.053106 0.246957
0.922841 0.199985
0.282324 0.216433
0.889776 0.278777
0.167301 0.332903
0.113808 0.281162
0.913277 0.112962
0.037061 0.111566
0.244772 0.333291
0.752222 0.331696
0.473922 0.236601
0.830505 0.331206
0.680821 0.053637
0.813454 0.144054
0.853291 0.144444
0.419034 0.252274
0.842606 0.237402
0.106948 0.213168
0.428191 0.168710
0.169902 0.077291
0.982345 0.095793
0.410518 0.067286
0.106451 0.195709
0.772770 0.148018
0.890396 0.079424
0.981847 0.056551
0.842964 0.059783
0.055436 0.110628
0.634726 0.333922
0.133575 0.281482
0.283811 0.233278
0.206123 0.333109
0.226066 0.069971
0.270024 0.165406
0.640979 0.053281
0.244846 0.232686
0.561828 0.052281
0.105316 0.085947
0.601254 0.052820
0.151454 0.264855
0.927027 0.096743
0.287484 0.081159
0.137833 0.114186
0.504635 0.053408
0.464531 0.057736
0.023056 0.055294
0.304948 0.115310
0.171131 0.265202
0.408852 0.168457
0.276054 0.148393
0.863371 0.127775
0.401792 0.252027
0.086001 0.177469
0.324776 0.115697
0.306776 0.267023
0.223806 0.215436
0.885936 0.333515
0.169478 0.248272
0.083747 0.159115
0.188941 0.248623
0.347060 0.099238
0.386363 0.185994
0.269601 0.063162
0.206262 0.232033
0.492728 0.236990
0.541966 0.052081
0.368958 0.168062
0.380319 0.333616
0.365257 0.116453
0.324356 0.183968
0.079189 0.141933
0.848563 0.118499
0.385484 0.116883
0.508492 0.220681
0.849196 0.212087
0.075389 0.126192
0.408677 0.100529
0.830251 0.017175
0.931066 0.080672
0.218895 0.316394
0.823391 0.126595
0.255704 0.147216
0.516805 0.035130
0.531151 0.237899
0.904553 0.332838
0.798014 0.136576
0.229990 0.164291
0.781455 0.131044
0.496902 0.036649
0.213904 0.146266
0.547205 0.221616
0.238311 0.316566
0.335476 0.316964
0.189981 0.163853
0.763525 0.127584
0.341378 0.233720
0.170542 0.163515
0.277073 0.316867
0.736982 0.142622
0.725177 0.124628
0.925159 0.314600
0.473925 0.041397
0.697789 0.141049
0.569941 0.239041
0.685623 0.123512
0.257815 0.316725
0.657852 0.140081
0.645931 0.122662
0.775398 0.295327
0.155268 0.145841
0.617834 0.139167
0.598026 0.138677
0.303304 0.333491
0.586584 0.121344
0.156925 0.129388
0.284004 0.333436
0.449382 0.036267
0.558575 0.137715
0.539021 0.137241
0.316203 0.316978
0.155141 0.112854
0.586290 0.222621
0.527625 0.119818
0.943564 0.332660
0.499883 0.136121
0.036714 0.063978
0.487994 0.117569
0.171317 0.094944
0.460266 0.134855
0.429216 0.034413
0.016194 0.193607
0.425900 0.117260
0.190255 0.078819
0.409521 0.033707
0.963417 0.017205
0.029984 0.016008
0.609628 0.240168
0.173563 0.060732
0.024092 0.321353
0.962586 0.332466
0.394776 0.317088
0.774612 0.313323
0.626129 0.223443
0.866513 0.017149
0.418839 0.333772
0.760478 0.054969
0.963689 0.314768
0.016309 0.212552
0.433593 0.317696
0.836035 0.034239
0.969495 0.216661
0.668224 0.239488
0.680582 0.220770
0.456875 0.333977
0.649150 0.240166
0.017964 0.095280
0.471733 0.318102
0.835701 0.221285
0.819426 0.225315
0.962450 0.251115
0.780281 0.226624
0.741426 0.227590
0.019852 0.132374
0.805137 0.243403
0.034486 0.163856
0.766157 0.243849
0.966550 0.281239
0.728974 0.245588
0.494555 0.334173
0.509334 0.318468
0.033966 0.230054
0.446183 0.116688
0.712308 0.249580
0.389750 0.033403
0.531877 0.334076
0.369745 0.033172
0.545190 0.317785
0.039305 0.300876
0.350834 0.049392
0.017799 0.268462
0.566389 0.330010
0.409820 0.083877
0.429522 0.067333
0.963302 0.076286
0.329363 0.032386
0.166242 0.043626
0.410455 0.050528
0.963857 0.113835
0.581493 0.324798
0.310000 0.048270
0.964406 0.034557
0.983005 0.151564
0.285621 0.016129
0.597695 0.334985
0.163103 0.015891
0.254951 0.044191
0.617689 0.315098
0.232605 0.055146
0.201378 0.016305
0.017826 0.338895
0.981316 0.331667
0.182216 0.031157
0.017458 0.017142
0.981483 0.018374
0.657062 0.288352
0.130427 0.049593
0.929804 0.030682
0.035898 0.076994
0.034478 0.027941
0.124782 0.015927
0.219330 0.034806
0.910374 0.030869
0.676322 0.301901
0.637968 0.318263
0.105251 0.015661
0.949120 0.031751
0.090475 0.031363
0.640114 0.303972
0.885829 0.015934
0.072406 0.032399
0.873522 0.034064
0.056436 0.036060
0.832830 0.049491
0.691833 0.282901
0.033147 0.176533
0.967314 0.269636
0.871171 0.321011
0.270954 0.032300
0.967048 0.233934
0.033121 0.212060
0.972255 0.200838
0.498718 0.436802
0.540201 0.437754
0.597244 0.437248
0.451133 0.433638
0.416963 0.432887
0.561089 0.366202
0.463949 0.367365
0.502254 0.367872
0.599265 0.366037
0.397572 0.364212
0.430420 0.369885
0.636384 0.401140
0.363692 0.407262
0.365460 0.381632
0.635654 0.376069
0.621275 0.430521
0.381933 0.433377
0.580219 0.366067
0.565152 0.382022
0.568987 0.397719
0.588086 0.397571
0.549356 0.398508
0.545389 0.382861
0.528937 0.401762
0.573848 0.414426
0.591784 0.412263
0.605730 0.398151
0.607400 0.413043
0.538336 0.412535
0.520418 0.416325
0.513112 0.400699
0.507258 0.410833
0.492813 0.405683
0.486960 0.420592
0.476333 0.402358
0.471069 0.418503
0.458849 0.401155
0.454350 0.417518
0.441658 0.400747
0.445325 0.384516
0.437290 0.416957
0.424858 0.399765
0.481055 0.385524
0.514068 0.428592
0.419840 0.415777
0.409740 0.396439
0.416016 0.383307
0.399396 0.412293
0.390539 0.400346
0.468071 0.434301
0.621836 0.399815
0.379995 0.417052
0.551230 0.412911
0.564771 0.431799
0.482390 0.367799
0.445869 0.367728
0.411896 0.367716
0.521973 0.367301
0.541516 0.366553
0.434636 0.433359
0.525507 0.384459
0.399537 0.432561
0.584359 0.381982
0.364245 0.392939
0.383616 0.381899
0.607331 0.436910
0.396834 0.390658
0.603089 0.382234
0.383825 0.365029
0.636530 0.390090
0.429378 0.384540
0.462298 0.384583
0.503186 0.389090
0.617070 0.365499
0.484223 0.435399
0.635958 0.416433
0.364593 0.418168
0.526553 0.433827
0.621841 0.414919
0.582953 0.435743
0.375935 0.400164
0.550878 0.440514
0.584273 0.425737
0.595008 0.425202
0.623698 0.382758
0.547433 0.425773
0.635025 0.432754
0.365742 0.433691
0.533334 0.421509
0.633742 0.365192
0.367184 0.365960
0.509479 0.437615
0.404283 0.379188
0.609837 0.426315
0.501596 0.424001
0.419615 0.372949
0.395859 0.374918
0.501111 0.563595
0.459633 0.562361
0.402755 0.562753
0.582580 0.566650
0.555992 0.632125
0.439011 0.633737
0.548921 0.566487
0.499085 0.632568
0.400736 0.633963
0.603125 0.633762
0.363616 0.598860
0.637021 0.593658
0.635447 0.617863
0.364346 0.623931
0.617091 0.567230
0.378725 0.569479
0.419798 0.633925
0.434896 0.617872
0.430912 0.602189
0.411901 0.602411
0.450026 0.600807
0.454932 0.616178
0.466084 0.595675
0.426152 0.585574
0.408206 0.587729
0.394267 0.601846
0.392597 0.586954
0.459978 0.587198
0.477357 0.585214
0.490658 0.592350
0.506877 0.596990
0.512750 0.580549
0.524244 0.598894
0.529030 0.582244
0.541497 0.599344
0.519980 0.615780
0.545831 0.582827
0.558167 0.599137
0.562647 0.582905
0.574377 0.599069
0.566751 0.614468
0.583230 0.614636
0.590581 0.600443
0.485192 0.572303
0.531935 0.565991
0.378163 0.600184
0.596634 0.618250
0.605398 0.605269
0.596628 0.584360
0.618354 0.615979
0.616661 0.588070
0.576748 0.626630
0.447878 0.586815
0.435206 0.568215
0.579255 0.583210
0.518312 0.632890
0.536867 0.632838
0.538109 0.615860
0.565255 0.566523
0.479318 0.632278
0.459070 0.632903
0.478391 0.610355
0.415648 0.617992
0.599285 0.567233
0.363470 0.609910
0.392668 0.563090
0.396912 0.617760
0.501578 0.614182
0.637127 0.607028
0.382930 0.634501
0.616862 0.633943
0.515671 0.565026
0.635207 0.583025
0.364042 0.583567
0.472964 0.566570
0.378158 0.585081
0.554456 0.614950
0.417042 0.564260
0.449055 0.559524
0.567247 0.623864
0.415722 0.574264
0.628759 0.601181
0.404989 0.574798
0.376302 0.617241
0.452084 0.574294
0.589718 0.629943
0.633804 0.567004
0.364975 0.567246
0.465381 0.578685
0.633224 0.633600
0.366258 0.634808
0.490239 0.562817
0.605491 0.622718
0.390162 0.573685
0.497656 0.577325
0.584996 0.638480
0.573885 0.637471
0.431120 0.491261
0.395988 0.533822
0.364509 0.492073
0.406880 0.469069
0.435721 0.520288
0.364680 0.518942
0.379910 0.464354
0.364591 0.507322
0.379253 0.499244
0.379230 0.479082
0.397635 0.489328
0.393113 0.507273
0.402984 0.502352
0.406771 0.515509
0.419936 0.510566
0.411816 0.483310
0.420919 0.465088
0.390637 0.464209
0.379485 0.519107
0.409880 0.530242
0.364645 0.480653
0.380907 0.534574
0.425022 0.535523
0.436027 0.474962
0.434375 0.505410
0.416429 0.496861
0.421129 0.524190
0.425692 0.478521
0.393309 0.475080
0.393667 0.518300
0.365504 0.534252
0.365327 0.465398
0.435291 0.464549
0.435533 0.535000
0.632232 0.510306
0.570238 0.510179
0.607562 0.463549
0.609421 0.534150
0.565877 0.480798
0.634991 0.480387
0.579912 0.535931
0.592777 0.463494
0.600573 0.474954
0.619251 0.478814
0.601135 0.493386
0.601606 0.507965
0.615110 0.511206
0.586304 0.508015
0.590207 0.521541
0.583920 0.493728
0.622718 0.527807
0.634979 0.491806
0.582274 0.478738
0.636038 0.524183
0.618807 0.464208
0.581663 0.464216
0.564672 0.525126
0.613195 0.519743
0.594888 0.535433
0.576063 0.521475
0.567219 0.496266
0.621149 0.496738
0.640161 0.534414
0.634240 0.465357
0.566078 0.465413
0.565125 0.535581
0.603967 0.520745
0.623477 0.515765
0.492273 0.535493
0.508727 0.468869
0.535753 0.509564
0.469720 0.490123
0.465123 0.519272
0.479708 0.464293
0.519161 0.535464
0.534980 0.479105
0.507560 0.535483
0.500390 0.520828
0.480572 0.520539
0.492547 0.506963
0.510542 0.502458
0.497542 0.497038
0.516661 0.488214
0.484464 0.493231
0.489429 0.480044
0.466279 0.503901
0.520673 0.520884
0.530895 0.493156
0.525068 0.463979
0.535556 0.520119
0.481039 0.535260
0.464489 0.474998
0.503085 0.483535
0.494541 0.465650
0.475854 0.478911
0.521495 0.474316
0.481556 0.506373
0.524805 0.506781
0.535474 0.464716
0.465664 0.534525
0.465005 0.464475
0.534535 0.534706
0.335616 0.488574
0.175647 0.366716
0.154042 0.633089
0.017327 0.483112
0.230415 0.635250
0.116984 0.366893
0.334130 0.440311
0.335371 0.537365
0.016174 0.543290
0.233559 0.366655
0.018210 0.431051
0.096873 0.632447
0.279272 0.634690
0.060182 0.365836
0.334418 0.586118
0.271869 0.366850
0.189093 0.634146
0.015561 0.579246
0.335956 0.409607
0.017607 0.401970
0.051300 0.630119
0.311390 0.367629
0.314854 0.634618
0.015569 0.614500
0.031098 0.364976
0.291215 0.367356
0.288603 0.384853
0.269164 0.383915
0.284388 0.402155
0.265219 0.401510
0.282636 0.419061
0.261118 0.422029
0.268742 0.438541
0.249833 0.433359
0.253765 0.444006
0.237320 0.447397
0.238723 0.463451
0.219343 0.464708
0.238539 0.480437
0.218948 0.481762
0.239262 0.497192
0.220081 0.499370
0.199064 0.483003
0.196170 0.504955
0.179160 0.483079
0.173280 0.500762
0.160187 0.482434
0.154102 0.499074
0.142915 0.481071
0.136255 0.496871
0.206989 0.521867
0.127602 0.477260
0.147339 0.516266
0.128875 0.513802
0.146257 0.466425
0.257297 0.496277
0.141761 0.536634
0.121635 0.530904
0.130453 0.548508
0.117147 0.547325
0.149733 0.552992
0.104092 0.526269
0.237364 0.432612
0.242725 0.513652
0.261139 0.511418
0.247272 0.529533
0.094654 0.545245
0.261421 0.460901
0.265403 0.527421
0.250243 0.544415
0.237781 0.545589
0.249814 0.559507
0.233482 0.557238
0.267334 0.559350
0.082747 0.533424
0.118287 0.563808
0.281305 0.506522
0.265985 0.575277
0.284142 0.574752
0.088062 0.521548
0.181528 0.465972
0.070371 0.554849
0.081536 0.572346
0.071967 0.518738
0.077981 0.502710
0.284431 0.434977
0.284322 0.526056
0.061219 0.568251
0.066498 0.579321
0.060497 0.500949
0.066299 0.484658
0.055107 0.517014
0.264323 0.591541
0.283243 0.590766
0.301803 0.573850
0.246300 0.591021
0.289172 0.490621
0.246181 0.400727
0.084422 0.485872
0.070744 0.468200
0.052521 0.467808
0.074938 0.451548
0.093580 0.452241
0.080147 0.434878
0.099253 0.435873
0.086188 0.417975
0.105613 0.418587
0.067019 0.417179
0.120560 0.440338
0.125766 0.418962
0.091745 0.400820
0.086884 0.588055
0.144225 0.435701
0.146304 0.418244
0.163897 0.433861
0.166321 0.417184
0.150624 0.400769
0.182878 0.433052
0.185715 0.416555
0.303013 0.525430
0.218033 0.551214
0.208320 0.568099
0.227418 0.577198
0.198511 0.586030
0.188250 0.558879
0.181375 0.581390
0.213394 0.593523
0.301381 0.404490
0.201624 0.432654
0.204660 0.416279
0.304536 0.493444
0.293602 0.480246
0.056277 0.451101
0.050460 0.587020
0.061258 0.597679
0.049705 0.550833
0.262054 0.610501
0.285448 0.542696
0.044452 0.604597
0.305262 0.478994
0.304025 0.464319
0.190078 0.399941
0.209047 0.399807
0.034924 0.466945
0.301342 0.589475
0.318571 0.572295
0.301111 0.604874
0.129038 0.457075
0.319856 0.460942
0.302256 0.448607
0.166739 0.562613
0.163492 0.579790
0.175280 0.599682
0.158288 0.598069
0.179694 0.541297
0.145512 0.577555
0.139846 0.597725
0.241932 0.605851
0.318059 0.603721
0.172031 0.616911
0.044234 0.498507
0.038680 0.513256
0.303056 0.541830
0.320045 0.523997
0.250264 0.625877
0.037384 0.449894
0.041726 0.432643
0.031230 0.410675
0.017539 0.465089
0.285460 0.450035
0.190871 0.603045
0.193587 0.383301
0.212554 0.383250
0.274563 0.484625
0.302496 0.557870
0.319081 0.556216
0.334492 0.569763
0.252366 0.366747
0.284957 0.558699
0.296675 0.634866
0.300438 0.433199
0.299283 0.418595
0.313353 0.417269
0.310874 0.388481
0.332214 0.384295
0.320678 0.402290
0.272763 0.449581
0.302908 0.508680
0.320069 0.507727
0.223082 0.416418
0.048149 0.415180
0.037064 0.395227
0.257898 0.480775
0.205202 0.633810
0.218381 0.615234
0.047252 0.364929
0.058354 0.381605
0.076633 0.383144
0.078143 0.366466
0.097220 0.366791
0.115026 0.383883
0.134532 0.383850
0.076589 0.631326
0.079275 0.610256
0.099587 0.615112
0.116557 0.632840
0.118269 0.615711
0.103487 0.600132
0.135714 0.632919
0.137000 0.615605
0.052002 0.533531
0.267153 0.543465
0.048829 0.567506
0.111829 0.509691
0.107616 0.453527
0.172390 0.633557
0.136131 0.366881
0.155625 0.366813
0.173678 0.383486
0.095060 0.505692
0.102383 0.488637
0.119511 0.492888
0.049177 0.483559
0.166164 0.517701
0.069833 0.534626
0.181763 0.522072
0.224130 0.516655
0.163780 0.450205
0.203950 0.542560
0.061289 0.433962
0.283124 0.606336
0.015890 0.561227
0.089366 0.468861
0.162625 0.533145
0.015296 0.596858
0.039061 0.376849
0.099272 0.566811
0.200196 0.465606
0.335416 0.472268
0.017495 0.524570
0.111010 0.468501
0.334978 0.455982
0.331023 0.425780
0.270324 0.495351
0.054002 0.397903
0.200714 0.449016
0.334250 0.602111
0.133993 0.466929
0.333688 0.618104
0.227837 0.535142
0.248076 0.575431
0.284435 0.468632
0.250077 0.383637
0.145690 0.452062
0.219237 0.448456
0.162993 0.466260
0.182187 0.449528
0.233718 0.590411
0.072437 0.399851
0.320246 0.491837
0.212526 0.532903
0.021349 0.503273
0.193019 0.531797
0.164724 0.547510
0.102815 0.583876
0.220267 0.432499
0.174628 0.532072
0.095268 0.383667
0.154188 0.563696
0.090378 0.598972
0.121080 0.581040
0.135120 0.559582
0.059248 0.609676
0.033942 0.632366
0.110844 0.401078
0.241369 0.417489
0.041530 0.616033
0.020805 0.381591
0.130538 0.401104
0.031675 0.582912
0.032943 0.547498
0.335402 0.520788
0.227516 0.400051
0.153734 0.383715
0.194686 0.366661
0.170125 0.400348
0.033504 0.482976
0.231119 0.383395
0.315869 0.430507
0.334797 0.553430
0.018496 0.447335
0.270189 0.621449
0.213805 0.366645
0.299679 0.619899
0.318121 0.587914
0.011441 0.411376
0.282550 0.620583
0.330962 0.367348
0.244196 0.636069
0.155268 0.615909
0.120813 0.598485
0.234869 0.620506
0.263863 0.631783
0.318098 0.445162
0.320206 0.476150
0.334578 0.399459
0.204547 0.608545
0.316723 0.619116
0.018358 0.366269
0.227187 0.600674
0.035050 0.529597
0.017174 0.632106
0.326176 0.413654
0.030437 0.599843
0.332300 0.634038
0.033459 0.494659
0.198731 0.619453
0.311856 0.407596
0.335359 0.504346
0.319454 0.539894
0.030776 0.615830
0.187912 0.618575
0.032427 0.565060
0.024609 0.392644
0.072413 0.593343
0.669563 0.490428
0.812701 0.367294
0.856468 0.630902
0.985840 0.492267
0.778552 0.634695
0.871690 0.366584
0.664280 0.537606
0.664539 0.448064
0.983804 0.537542
0.752729 0.367281
0.982825 0.428505
0.914334 0.636327
0.721825 0.634903
0.929837 0.366740
0.664214 0.585838
0.720531 0.371935
0.814683 0.631814
0.982443 0.578440
0.665100 0.415662
0.978331 0.395406
0.947095 0.632838
0.686325 0.366752
0.684902 0.634376
0.983582 0.613896
0.966493 0.366180
0.699989 0.367218
0.708269 0.383068
0.726719 0.383337
0.720672 0.393837
0.735136 0.399859
0.726773 0.416240
0.741853 0.424082
0.731940 0.439228
0.754615 0.433658
0.744171 0.447935
0.766652 0.441223
0.757819 0.455677
0.773702 0.460576
0.764541 0.476960
0.782377 0.481144
0.771889 0.498184
0.787577 0.505216
0.804313 0.487664
0.813473 0.504686
0.828272 0.483289
0.829941 0.499890
0.845832 0.481883
0.847373 0.497276
0.857292 0.481538
0.862418 0.491797
0.800403 0.515178
0.875254 0.482012
0.851399 0.517519
0.870989 0.507240
0.754999 0.493577
0.863539 0.530117
0.884795 0.528863
0.848914 0.467288
0.872063 0.550443
0.894714 0.546267
0.856859 0.542792
0.772379 0.431069
0.762289 0.513994
0.745669 0.509869
0.755912 0.528712
0.729854 0.463555
0.738091 0.526109
0.752400 0.543951
0.749268 0.559729
0.766105 0.562824
0.731099 0.558828
0.887072 0.559148
0.905619 0.568458
0.729305 0.504852
0.747472 0.574583
0.729881 0.574438
0.811241 0.465664
0.716757 0.521762
0.718052 0.432686
0.890632 0.586769
0.915022 0.586021
0.876608 0.576515
0.922302 0.565119
0.928560 0.577644
0.708730 0.510371
0.879036 0.603048
0.729840 0.589744
0.711972 0.589400
0.712174 0.574047
0.748316 0.589192
0.943510 0.570260
0.865709 0.592890
0.714809 0.499675
0.696211 0.525374
0.931642 0.546831
0.700484 0.496402
0.705903 0.481042
0.755391 0.406274
0.852200 0.583409
0.842906 0.598227
0.838142 0.574836
0.829200 0.590385
0.814036 0.582918
0.805493 0.596970
0.823218 0.567351
0.750399 0.604573
0.773567 0.543570
0.697442 0.402820
0.920980 0.596352
0.934875 0.596968
0.695047 0.588724
0.695091 0.573450
0.689847 0.479068
0.693641 0.463589
0.695433 0.557791
0.954134 0.548438
0.932833 0.531105
0.951882 0.532484
0.952464 0.516266
0.933570 0.514878
0.933519 0.498490
0.916044 0.497981
0.932081 0.482045
0.914338 0.482817
0.930297 0.465579
0.948886 0.465141
0.928963 0.449041
0.910399 0.450101
0.927914 0.432647
0.908649 0.433814
0.906449 0.416868
0.885921 0.417297
0.925831 0.416283
0.885677 0.438876
0.865424 0.416853
0.902940 0.399927
0.862295 0.434482
0.845831 0.416086
0.842669 0.432510
0.827812 0.415546
0.844126 0.399861
0.823956 0.430812
0.815007 0.414732
0.803892 0.426051
0.795651 0.410149
0.947636 0.448577
0.966834 0.464424
0.904116 0.497570
0.678236 0.462644
0.696462 0.446952
0.791802 0.553050
0.781829 0.568887
0.802300 0.537542
0.872830 0.457449
0.960026 0.565151
0.713583 0.604554
0.696423 0.603916
0.809630 0.404229
0.789903 0.400081
0.769487 0.604229
0.836843 0.608707
0.926708 0.613667
0.969706 0.518426
0.892964 0.612533
0.754220 0.619898
0.679231 0.556386
0.712915 0.448493
0.699174 0.619265
0.696171 0.541335
0.714629 0.541500
0.680067 0.524373
0.679203 0.571989
0.797489 0.388401
0.774850 0.385201
0.697210 0.510405
0.681970 0.508760
0.722163 0.483860
0.882262 0.630881
0.948924 0.612724
0.956356 0.598502
0.684785 0.383461
0.667082 0.383236
0.682189 0.399830
0.691733 0.414414
0.734972 0.367814
0.685483 0.493758
0.965803 0.447614
0.965007 0.430798
0.963335 0.414245
0.944620 0.415601
0.983751 0.463406
0.733752 0.542504
0.711738 0.409183
0.699433 0.426527
0.680334 0.430450
0.780745 0.415647
0.898934 0.486831
0.724749 0.449774
0.796968 0.633888
0.790070 0.618868
0.805732 0.616075
0.885544 0.496192
0.847512 0.558983
0.832448 0.551695
0.841153 0.535954
0.825623 0.529990
0.948577 0.366586
0.936369 0.383185
0.917094 0.383253
0.910312 0.366658
0.890941 0.366620
0.878339 0.383176
0.858738 0.383171
0.954829 0.382656
0.747957 0.471579
0.931818 0.634327
0.909600 0.547160
0.896203 0.452059
0.851983 0.366595
0.832427 0.366789
0.819480 0.384700
0.950763 0.587204
0.950847 0.481935
0.952253 0.499134
0.911813 0.529817
0.891153 0.468368
0.776446 0.519941
0.978694 0.557523
0.985198 0.519918
0.836812 0.449204
0.946321 0.431922
0.983646 0.595992
0.912201 0.466824
0.732044 0.604778
0.855377 0.607193
0.713285 0.558102
0.862072 0.567315
0.903205 0.597603
0.863636 0.472233
0.791675 0.463737
0.798638 0.446009
0.663896 0.474191
0.830441 0.515328
0.663978 0.463381
0.897914 0.507918
0.817627 0.447596
0.738573 0.488338
0.914529 0.513185
0.855461 0.451937
0.831063 0.466468
0.818582 0.514644
0.664893 0.431908
0.914811 0.606469
0.664684 0.601774
0.665720 0.617819
0.781051 0.444430
0.768455 0.530063
0.738106 0.384151
0.760575 0.573924
0.709930 0.464502
0.769738 0.585309
0.807632 0.560350
0.788797 0.528679
0.798010 0.575817
0.790160 0.590764
0.811970 0.523978
0.783733 0.429512
0.817079 0.544945
0.735744 0.619911
0.964422 0.632180
0.966885 0.614406
0.766315 0.422318
0.664330 0.553584
0.984390 0.378242
0.959755 0.398208
0.776572 0.401497
0.968657 0.481078
0.679478 0.587466
0.664948 0.521093
0.940995 0.399259
0.755297 0.385074
0.921912 0.399715
0.965598 0.581632
0.792085 0.367931
0.897443 0.383229
0.882915 0.399970
0.985970 0.507718
0.863054 0.399898
0.838885 0.383550
0.825277 0.400862
0.966669 0.546617
0.771711 0.367770
0.682214 0.618648
0.680029 0.446839
0.668249 0.366685
0.703458 0.634644
0.983113 0.445865
0.674677 0.476525
0.821967 0.607876
0.717460 0.619677
0.680384 0.415100
0.741102 0.634969
0.666080 0.399614
0.760056 0.634924
0.902472 0.634507
0.772961 0.619537
0.867917 0.617482
0.981347 0.410989
0.983185 0.366402
0.787364 0.604859
0.799723 0.605950
0.982185 0.631857
0.666372 0.505030
0.667487 0.633902
0.680535 0.602980
0.973317 0.499737
0.679819 0.540019
0.831140 0.627067
0.844622 0.618647
0.967749 0.597767
0.984761 0.480224
0.866761 0.638004
0.968051 0.534535
0.907114 0.619930
0.664390 0.569584
0.919600 0.626624
0.935303 0.619789
0.973237 0.382312
0.487022 0.665741
0.562474 0.666097
0.414693 0.664429
0.639311 0.666396
0.345804 0.665899
0.813861 0.666975
0.188707 0.668701
0.266699 0.668088
0.735824 0.666608
0.532177 0.981384
0.450868 0.982564
0.613565 0.983371
0.693985 0.984047
0.311170 0.982107
0.778222 0.982274
0.231263 0.981693
0.983176 0.825705
0.018754 0.832152
0.855583 0.983999
0.152377 0.981981
0.016223 0.764648
0.982826 0.750531
0.391119 0.982297
0.131436 0.666684
0.872141 0.667357
0.983091 0.886228
0.017706 0.885133
0.913916 0.984407
0.094362 0.984626
0.930534 0.667333
0.075646 0.667362
0.677543 0.666473
0.573700 0.982836
0.490886 0.982449
0.191266 0.982396
0.817530 0.984279
0.351147 0.982208
0.271220 0.981810
0.653453 0.983631
0.733447 0.983014
0.016942 0.722179
0.981790 0.713552
0.774902 0.666780
0.227779 0.668478
0.306059 0.666880
0.983944 0.787709
0.015369 0.796032
0.982445 0.923149
0.017722 0.923736
0.600748 0.666273
0.524624 0.665914
0.384264 0.666013
0.450368 0.666740
0.950170 0.979229
0.054891 0.983848
0.976093 0.679031
0.018005 0.686436
0.981960 0.965619
0.017592 0.962924
0.658238 0.666450
0.645602 0.682979
0.625701 0.682961
0.628594 0.700456
0.649182 0.700158
0.651865 0.717276
0.671951 0.716397
0.654023 0.733602
0.673415 0.733065
0.675159 0.749645
0.694775 0.749702
0.655966 0.749892
0.677466 0.766231
0.696807 0.766457
0.679057 0.782712
0.698426 0.783199
0.698585 0.799969
0.718204 0.800397
0.678766 0.799272
0.696027 0.816759
0.715624 0.817223
0.737759 0.800763
0.735203 0.817632
0.757317 0.801117
0.754840 0.818033
0.776828 0.801470
0.774511 0.818411
0.796360 0.801820
0.794190 0.818747
0.815902 0.802172
0.813820 0.819074
0.835378 0.802545
0.833300 0.819451
0.710412 0.834061
0.790073 0.835870
0.854693 0.803024
0.852683 0.820091
0.848709 0.837139
0.868359 0.839308
0.862382 0.856073
0.834586 0.785622
0.853963 0.786014
0.756792 0.784210
0.877971 0.862123
0.870913 0.871769
0.852061 0.769035
0.871835 0.769398
0.892153 0.845520
0.714271 0.749866
0.859420 0.871117
0.889848 0.873788
0.876645 0.881905
0.899986 0.888259
0.869804 0.752441
0.889534 0.752799
0.850142 0.752082
0.891614 0.769750
0.908942 0.753152
0.628880 0.721824
0.690747 0.833598
0.703751 0.850906
0.684142 0.850460
0.697952 0.867779
0.678384 0.867370
0.717956 0.868412
0.714576 0.885122
0.732595 0.885501
0.664830 0.850052
0.658646 0.867003
0.645294 0.849652
0.638845 0.866642
0.625538 0.849273
0.618903 0.866285
0.605761 0.848914
0.598910 0.865911
0.586051 0.848536
0.579126 0.865563
0.566623 0.848162
0.559454 0.865326
0.547361 0.847782
0.553439 0.830936
0.534015 0.830514
0.527616 0.847332
0.514505 0.830095
0.508089 0.846874
0.495077 0.829669
0.488605 0.846419
0.475648 0.829233
0.469112 0.845968
0.456171 0.828780
0.449586 0.845514
0.436648 0.828291
0.430002 0.845030
0.416914 0.827726
0.410265 0.844479
0.396643 0.827113
0.390235 0.843910
0.375856 0.826564
0.369952 0.843425
0.355023 0.825981
0.349631 0.842946
0.334298 0.824941
0.329372 0.842381
0.313327 0.823894
0.309147 0.841804
0.292419 0.823725
0.289041 0.841331
0.272424 0.823915
0.269436 0.840750
0.254122 0.823917
0.251265 0.839445
0.241149 0.824377
0.235399 0.835886
0.221152 0.829465
0.207138 0.821142
0.196868 0.838456
0.181915 0.830225
0.171654 0.847455
0.166619 0.822499
0.536114 0.813750
0.458410 0.812013
0.156662 0.839115
0.378079 0.809963
0.336993 0.807691
0.270208 0.806793
0.192059 0.812641
0.152200 0.813681
0.142119 0.829994
0.161531 0.864400
0.421721 0.861803
0.244395 0.855706
0.322255 0.859468
0.480532 0.863236
0.127972 0.819359
0.138697 0.802208
0.117654 0.836737
0.113898 0.808543
0.123073 0.787049
0.593775 0.882772
0.108137 0.786781
0.116282 0.766064
0.140620 0.772275
0.654788 0.883970
0.611646 0.831786
0.102760 0.774699
0.110803 0.753922
0.497294 0.812913
0.419178 0.811028
0.230835 0.812076
0.100959 0.798297
0.131973 0.846624
0.107317 0.853835
0.121822 0.863379
0.211527 0.846241
0.282502 0.858421
0.362209 0.860362
0.519762 0.864459
0.097112 0.870810
0.111661 0.880135
0.126579 0.888810
0.713610 0.901875
0.732570 0.901660
0.913687 0.879845
0.117035 0.905052
0.131049 0.913729
0.101527 0.896794
0.095231 0.755295
0.885129 0.896610
0.868138 0.902096
0.913538 0.903923
0.910965 0.770101
0.103515 0.734044
0.118777 0.742061
0.082198 0.861495
0.887886 0.735860
0.907470 0.736224
0.848729 0.735140
0.829131 0.734787
0.691813 0.716234
0.746623 0.886748
0.750384 0.899059
0.876420 0.919432
0.855367 0.926163
0.079292 0.771754
0.077193 0.744459
0.122808 0.924535
0.143859 0.925949
0.073048 0.878026
0.906109 0.719253
0.925545 0.719462
0.732644 0.919172
0.755999 0.919480
0.774404 0.909440
0.780185 0.920147
0.790631 0.905510
0.555381 0.814148
0.553461 0.797335
0.572935 0.797625
0.567838 0.780744
0.548634 0.780493
0.563135 0.764005
0.544358 0.763736
0.561771 0.747456
0.543031 0.747122
0.582389 0.763863
0.545044 0.730672
0.525817 0.730303
0.524196 0.746762
0.506749 0.729911
0.505134 0.746365
0.487658 0.729476
0.486004 0.745932
0.468448 0.728886
0.466803 0.745422
0.448977 0.727837
0.447484 0.744785
0.429034 0.726667
0.427965 0.744012
0.408888 0.725649
0.408015 0.742977
0.386589 0.721735
0.387456 0.742201
0.564219 0.731067
0.363780 0.725486
0.366879 0.742410
0.344424 0.726947
0.347135 0.743097
0.326427 0.727901
0.328250 0.743648
0.313117 0.728334
0.306557 0.742290
0.287848 0.725047
0.280738 0.739190
0.264997 0.722734
0.266864 0.739125
0.245398 0.722419
0.248433 0.739330
0.225933 0.722288
0.229195 0.739317
0.206498 0.722169
0.209727 0.739202
0.187257 0.722212
0.847423 0.718186
0.828023 0.717859
0.809465 0.734436
0.693711 0.901582
0.692851 0.918480
0.672406 0.917975
0.155638 0.909335
0.173663 0.924268
0.182741 0.900454
0.197129 0.925278
0.201334 0.905723
0.217260 0.926153
0.808478 0.717539
0.789911 0.734091
0.788956 0.717225
0.770465 0.733759
0.220818 0.907968
0.237104 0.926796
0.240475 0.909083
0.256953 0.927348
0.260256 0.909770
0.276817 0.927848
0.280080 0.910303
0.296683 0.928265
0.299911 0.910749
0.316556 0.928580
0.319741 0.911128
0.336434 0.928837
0.339563 0.911468
0.356302 0.929094
0.359371 0.911805
0.376144 0.929386
0.379160 0.912162
0.395951 0.929720
0.398953 0.912547
0.415728 0.930077
0.418735 0.912950
0.435537 0.930441
0.438479 0.913368
0.455251 0.930804
0.458152 0.913847
0.474422 0.931162
0.477443 0.914630
0.491789 0.931570
0.495606 0.916618
0.503681 0.931955
0.510852 0.922258
0.769485 0.716922
0.522728 0.932445
0.535459 0.922759
0.792603 0.920509
0.541014 0.932779
0.370321 0.759640
0.086371 0.727116
0.313279 0.762860
0.068044 0.721313
0.926684 0.736447
0.190349 0.739266
0.168930 0.722769
0.065847 0.854142
0.449292 0.761571
0.410204 0.760351
0.487844 0.762568
0.548487 0.714386
0.567546 0.714760
0.751186 0.733465
0.750061 0.716646
0.214189 0.756194
0.252899 0.755877
0.510362 0.713690
0.893247 0.786788
0.912585 0.787148
0.810876 0.751362
0.750031 0.835129
0.472242 0.712648
0.786053 0.889153
0.432198 0.706417
0.808742 0.904665
0.396490 0.709862
0.749265 0.939912
0.360752 0.709960
0.789871 0.934827
0.807458 0.936989
0.060499 0.737987
0.551566 0.917716
0.552906 0.932758
0.324882 0.713186
0.869773 0.938451
0.883591 0.936298
0.283945 0.703409
0.057896 0.871476
0.243740 0.704733
0.690938 0.935280
0.670506 0.934636
0.204724 0.704771
0.127429 0.940176
0.180081 0.947015
0.944645 0.719023
0.417909 0.947443
0.218995 0.944739
0.444779 0.896433
0.258798 0.945370
0.903477 0.702146
0.887386 0.952598
0.883625 0.701819
0.385550 0.895125
0.298625 0.946135
0.171317 0.739888
0.175383 0.757698
0.155587 0.723270
0.166615 0.706059
0.149351 0.710437
0.338470 0.946539
0.378289 0.946909
0.529880 0.780137
0.651713 0.832530
0.073381 0.831987
0.056076 0.834790
0.063792 0.812604
0.825551 0.700915
0.844712 0.701191
0.582745 0.731708
0.586519 0.715496
0.600699 0.733406
0.929856 0.770470
0.931580 0.787567
0.932694 0.804742
0.066144 0.889322
0.651653 0.917436
0.649887 0.933957
0.629314 0.933427
0.630702 0.916949
0.609044 0.932999
0.710907 0.935796
0.610050 0.916387
0.476813 0.947864
0.786486 0.700392
0.045027 0.821810
0.057227 0.801063
0.192122 0.881530
0.510644 0.941930
0.227836 0.890190
0.747490 0.699906
0.266848 0.892530
0.551277 0.947487
0.306444 0.893544
0.346032 0.894339
0.727977 0.699711
0.730469 0.716431
0.708520 0.699602
0.848971 0.904657
0.120241 0.954320
0.950828 0.805397
0.933750 0.821988
0.848916 0.943770
0.072953 0.703610
0.053299 0.702035
0.097554 0.707489
0.945647 0.736161
0.503470 0.900159
0.165834 0.687883
0.550430 0.901044
0.569829 0.948966
0.568924 0.698504
0.588016 0.699025
0.948342 0.770716
0.898507 0.684889
0.839961 0.684153
0.570276 0.916257
0.574513 0.814475
0.592327 0.797495
0.771932 0.750671
0.752797 0.750365
0.611419 0.899852
0.628393 0.950133
0.608643 0.949832
0.795576 0.784896
0.914157 0.822457
0.936358 0.839205
0.954119 0.838323
0.940883 0.856079
0.958957 0.854236
0.945643 0.872645
0.095134 0.685176
0.669079 0.951243
0.709424 0.952230
0.053521 0.888157
0.052839 0.904905
0.037934 0.864640
0.728004 0.952994
0.105339 0.953542
0.105356 0.937316
0.085038 0.953244
0.081271 0.932478
0.065231 0.954347
0.059453 0.938608
0.051939 0.956620
0.906703 0.952667
0.906421 0.931852
0.925549 0.953016
0.928237 0.937461
0.802696 0.952414
0.820648 0.954208
0.784757 0.949624
0.938881 0.953646
0.948528 0.941539
0.931654 0.921400
0.959013 0.956859
0.949158 0.922422
0.949848 0.905690
0.963327 0.870823
0.149557 0.740142
0.145869 0.959191
0.890243 0.968596
0.108843 0.968682
0.035361 0.904993
0.114682 0.682623
0.121110 0.699434
0.185837 0.687143
0.044489 0.801360
0.045872 0.784796
0.142398 0.688961
0.963267 0.717083
0.942088 0.701663
0.964165 0.734674
0.035060 0.839409
0.978039 0.846634
0.799276 0.967813
0.586097 0.682539
0.710371 0.968097
0.131360 0.720555
0.917888 0.684935
0.149846 0.668032
0.878722 0.684623
0.966623 0.905425
0.039810 0.945806
0.711032 0.716296
0.688909 0.699590
0.703507 0.683032
0.712635 0.733062
0.669066 0.699753
0.891313 0.667457
0.932816 0.905374
0.871206 0.967370
0.852519 0.966915
0.834835 0.968249
0.063615 0.785699
0.059570 0.770790
0.048265 0.768873
0.053229 0.753607
0.326172 0.666216
0.343112 0.681429
0.342104 0.696586
0.323608 0.682220
0.303719 0.683674
0.304263 0.700651
0.283925 0.685233
0.130951 0.755214
0.593897 0.814529
0.612335 0.796243
0.606170 0.778663
0.624205 0.774093
0.636189 0.792536
0.615968 0.758478
0.646450 0.780597
0.658948 0.797714
0.660034 0.781814
0.635113 0.813985
0.600108 0.762436
0.610202 0.748144
0.634107 0.749450
0.617104 0.738487
0.605687 0.717421
0.607449 0.700069
0.655758 0.814895
0.671060 0.833060
0.859091 0.684374
0.089426 0.813717
0.820496 0.683949
0.092087 0.913494
0.491214 0.713273
0.492859 0.697299
0.511602 0.697631
0.509858 0.681686
0.473897 0.696938
0.456110 0.696385
0.472428 0.681509
0.529077 0.714066
0.530328 0.697932
0.549294 0.698211
0.547565 0.682081
0.286871 0.667553
0.264143 0.686195
0.932888 0.983168
0.074506 0.984465
0.526332 0.905824
0.532615 0.883386
0.452937 0.711248
0.443298 0.695381
0.423698 0.689750
0.439228 0.684887
0.409978 0.709307
0.406950 0.694472
0.391265 0.699760
0.402639 0.679871
0.376900 0.705943
0.372291 0.696053
0.477413 0.812466
0.495495 0.796115
0.514735 0.796538
0.510679 0.779738
0.475816 0.795668
0.456500 0.795204
0.472112 0.778862
0.438343 0.811518
0.436925 0.794725
0.417381 0.794275
0.433318 0.777885
0.398355 0.810525
0.397168 0.793841
0.376864 0.793317
0.393849 0.776948
0.356870 0.792690
0.356901 0.809140
0.338037 0.791956
0.324620 0.790815
0.335946 0.776748
0.314079 0.802360
0.302945 0.783921
0.354295 0.776355
0.290093 0.805417
0.284339 0.787643
0.264838 0.789486
0.277309 0.770649
0.295327 0.766895
0.515951 0.813327
0.250809 0.807909
0.245219 0.790604
0.225833 0.791057
0.239263 0.773177
0.365990 0.894738
0.373856 0.877754
0.393600 0.878197
0.405448 0.895554
0.425286 0.895990
0.433087 0.879100
0.452713 0.879574
0.214422 0.808666
0.206274 0.790361
0.181485 0.790026
0.199709 0.773463
0.175994 0.805934
0.168752 0.789072
0.464523 0.897012
0.484081 0.898054
0.491943 0.880989
0.326431 0.893968
0.334216 0.876921
0.264196 0.704540
0.244517 0.686579
0.863640 0.701481
0.632165 0.900367
0.286822 0.893094
0.294564 0.876023
0.054861 0.921883
0.570944 0.899672
0.247391 0.891657
0.593939 0.983188
0.470917 0.982582
0.463008 0.965192
0.443221 0.965102
0.431085 0.982471
0.423490 0.964931
0.411228 0.982374
0.403695 0.964744
0.383771 0.964582
0.371290 0.982238
0.363855 0.964456
0.343866 0.964367
0.331312 0.982162
0.323929 0.964265
0.303950 0.964109
0.291351 0.981959
0.284026 0.963855
0.264048 0.963561
0.279341 0.945792
0.244069 0.963334
0.251539 0.981697
0.224188 0.963324
0.211532 0.981956
0.204496 0.963791
0.185083 0.964890
0.199667 0.944996
0.553482 0.981917
0.511355 0.981742
0.161961 0.798851
0.587220 0.780260
0.641144 0.768651
0.805477 0.887676
0.804079 0.870408
0.784025 0.871652
0.823847 0.870271
0.806263 0.853247
0.825830 0.853375
0.633741 0.983459
0.649814 0.967169
0.049709 0.847078
0.029468 0.850472
0.023155 0.815247
0.017471 0.866020
0.209548 0.886944
0.089849 0.785976
0.731936 0.733252
0.733658 0.750109
0.735709 0.766993
0.166626 0.891318
0.904794 0.864758
0.872544 0.821538
0.767910 0.893786
0.759762 0.875152
0.738000 0.869900
0.674041 0.983871
0.690644 0.968005
0.255291 0.874455
0.141189 0.898197
0.917742 0.919221
0.920153 0.890562
0.754526 0.978447
0.761860 0.960864
0.741861 0.966784
0.103181 0.825754
0.965079 0.752457
0.966201 0.770276
0.949682 0.788017
0.814882 0.785250
0.775946 0.784545
0.793421 0.767951
0.673277 0.901178
0.825491 0.887435
0.832895 0.667083
0.801043 0.683760
0.185890 0.705016
0.205472 0.686855
0.208800 0.668527
0.049979 0.718518
0.035079 0.702399
0.054900 0.684792
0.044206 0.733513
0.067224 0.760548
0.873910 0.803695
0.765063 0.853694
0.737214 0.783882
0.868277 0.735493
0.893662 0.804227
0.928012 0.753389
0.866450 0.718515
0.766693 0.700150
0.805559 0.700651
0.754833 0.767291
0.717614 0.783550
0.922453 0.702132
0.937079 0.684412
0.956394 0.682803
0.949698 0.666460
0.092001 0.843490
0.832486 0.768670
0.948585 0.889074
0.533625 0.796941
0.017484 0.704751
0.980044 0.695215
0.017624 0.740073
0.639813 0.734895
0.077159 0.800015
0.886028 0.718864
0.873351 0.786464
0.110224 0.721223
0.946750 0.753206
0.086723 0.887038
0.015254 0.783287
0.830602 0.751724
0.755252 0.666693
0.247778 0.668304
0.526078 0.763399
0.169495 0.668794
0.319167 0.946372
0.186546 0.855946
0.146709 0.855556
0.951517 0.822262
0.983957 0.806324
0.580966 0.747726
0.157394 0.762598
0.571809 0.831290
0.830070 0.922685
0.589481 0.932716
0.913315 0.804567
0.774054 0.767612
0.227230 0.851982
0.109604 0.920576
0.977239 0.944562
0.017655 0.904207
0.157036 0.940217
0.365274 0.666078
0.812946 0.768308
0.852228 0.667202
0.773931 0.930027
0.729965 0.834585
0.359006 0.946733
0.438167 0.947724
0.894438 0.912721
0.398738 0.947190
0.791466 0.751016
0.072973 0.903257
0.893188 0.822790
0.712516 0.918841
0.861848 0.885731
0.495364 0.946593
0.535468 0.942265
0.018153 0.943449
0.910692 0.667443
0.695052 0.884689
0.591148 0.831543
0.723942 0.851603
0.136629 0.872225
0.598206 0.747973
0.675224 0.884303
0.916766 0.841163
0.693164 0.732997
0.114064 0.666485
0.652939 0.900762
0.613637 0.814006
0.730398 0.936837
0.507272 0.763010
0.922446 0.858976
0.458030 0.947922
0.631041 0.831937
0.619674 0.666388
0.634743 0.883547
0.675639 0.816025
0.794075 0.666877
0.151437 0.881501
0.928622 0.875111
0.614516 0.883117
0.491508 0.779319
0.150804 0.787913
0.591323 0.899471
0.169749 0.982825
0.068934 0.919328
0.176609 0.873405
0.744291 0.852780
0.483192 0.964872
0.716114 0.766716
0.781290 0.683582
0.468849 0.762101
0.095447 0.667162
0.201986 0.863424
0.769993 0.835704
0.503097 0.963352
0.218545 0.868956
0.664476 0.683048
0.786088 0.853733
0.932058 0.890139
0.452795 0.778384
0.722838 0.683120
0.810005 0.836146
0.236475 0.872416
0.658608 0.766284
0.829444 0.836484
0.761731 0.683410
0.263018 0.857378
0.274823 0.875372
0.074841 0.685400
0.526074 0.958604
0.302210 0.858951
0.430059 0.760959
0.314376 0.876488
0.342147 0.859920
0.354068 0.877339
0.224602 0.704673
0.844701 0.854167
0.382166 0.860833
0.401973 0.861324
0.742125 0.683255
0.413415 0.878657
0.843005 0.870606
0.550618 0.963735
0.696647 0.666508
0.441425 0.862286
0.460979 0.862759
0.715952 0.666556
0.413710 0.777379
0.844740 0.887100
0.472374 0.880183
0.056436 0.667340
0.683730 0.683031
0.500117 0.863879
0.964017 0.935710
0.512006 0.882431
0.828641 0.905027
0.539734 0.865145
0.570784 0.965591
0.574100 0.882740
0.809732 0.921172
0.590478 0.966300
0.036583 0.982795
0.970025 0.983979
0.390372 0.759832
0.826422 0.939256
0.037414 0.667534
0.970245 0.666135
0.605219 0.682915
0.225388 0.686677
0.373871 0.776557
0.133487 0.982851
0.581160 0.666229
0.239521 0.945030
0.967575 0.806089
0.036311 0.685232
0.566406 0.682304
0.163966 0.965760
0.030505 0.783339
0.331776 0.760512
0.319418 0.779230
0.543125 0.666023
0.983234 0.904435
0.350850 0.759834
0.528267 0.681898
0.164299 0.778715
0.180574 0.774685
0.037550 0.748885
0.219719 0.773376
0.258574 0.772410
0.981328 0.867390
0.194863 0.756597
0.233843 0.756151
0.966074 0.835919
0.033450 0.718761
0.271026 0.754412
0.505445 0.665827
0.490666 0.681532
0.553817 0.883312
0.287692 0.750420
0.983300 0.768859
0.610248 0.966605
0.468123 0.665924
0.630254 0.966835
0.454810 0.682215
0.960559 0.699344
0.649165 0.950611
0.982235 0.731683
0.433611 0.669990
0.590180 0.916124
0.570478 0.932668
0.036698 0.923714
0.670637 0.967616
0.833749 0.956369
0.589544 0.949476
0.036143 0.886165
0.418507 0.675202
0.690001 0.951730
0.035594 0.965443
0.016995 0.848436
0.714379 0.983871
0.402305 0.665015
0.836894 0.984108
0.745047 0.955808
0.382311 0.684902
0.767392 0.944852
0.798620 0.983694
0.018684 0.668333
0.982143 0.661174
0.817779 0.968841
0.982550 0.982849
0.018517 0.981626
0.342938 0.711648
0.869552 0.950339
0.070196 0.969318
0.965499 0.922574
0.965576 0.972015
0.875213 0.984065
0.780667 0.965192
0.089626 0.969131
0.323678 0.698099
0.894744 0.984327
0.362032 0.681737
0.050880 0.968249
0.909528 0.968573
0.359886 0.696028
0.114171 0.984066
0.966960 0.788060
0.927614 0.967529
0.126478 0.965936
0.943647 0.963847
0.167170 0.950509
0.967145 0.823284
0.308167 0.717099
0.032686 0.730364
0.128829 0.678989
0.729045 0.967700
0.032952 0.766066
0.965518 0.887866
0.027745 0.799162
