136
8 2 94 95 2
27 2 93 94 2
32 2 96 97 2
36 2 75 76 4
103 2 59 60 1
115 2 100 101 2
142 2 53 54 1
143 2 51 52 1
144 2 56 55 1
151 2 57 58 1
188 2 48 49 1
198 2 49 50 1
202 2 101 102 2
212 2 22 23 1
242 2 104 4 3
260 2 65 66 1
280 2 43 44 1
281 2 41 42 1
282 2 40 39 1
283 2 45 46 1
287 2 48 47 1
291 2 66 67 1
292 2 24 23 1
295 2 50 51 1
300 2 52 53 1
303 2 102 103 2
309 2 54 55 1
310 2 37 38 1
319 2 60 61 1
325 2 44 45 1
326 2 42 43 1
327 2 46 47 1
328 2 40 41 1
335 2 38 39 1
336 2 56 57 1
355 2 35 36 1
356 2 58 59 1
357 2 32 31 1
375 2 36 37 1
382 2 32 33 1
422 2 84 85 4
424 2 83 84 4
428 2 82 83 4
434 2 81 82 4
466 2 80 81 4
504 2 97 98 2
505 2 96 95 2
511 2 80 79 4
553 2 98 99 2
554 2 99 100 2
566 2 5 118 3
616 2 4 103 2
619 2 92 93 2
654 2 74 75 4
669 2 73 74 4
699 2 72 73 4
708 2 116 117 3
709 2 104 105 3
715 2 117 118 3
718 2 72 71 4
741 2 91 92 2
751 2 61 62 1
772 2 90 91 2
782 2 89 90 2
830 2 114 115 3
844 2 64 63 1
850 2 112 113 3
876 2 67 68 1
878 2 110 111 3
894 2 62 63 1
896 2 108 109 3
901 2 115 116 3
913 2 33 34 1
916 2 77 78 4
917 2 27 28 1
919 2 106 107 3
921 2 29 30 1
922 2 88 89 2
924 2 24 25 1
930 2 3 87 2
930 2 3 86 4
944 2 1 21 1
945 2 2 69 1
945 2 2 70 4
946 2 113 114 3
969 2 112 111 3
983 2 109 110 3
992 2 107 108 3
1000 2 78 79 4
1008 2 76 77 4
1010 2 21 22 1
1011 2 68 69 1
1013 2 34 35 1
1015 2 105 106 3
1017 2 28 29 1
1020 2 88 87 2
1028 2 30 31 1
1031 2 85 86 4
1037 2 70 71 4
1040 2 26 27 1
1044 2 25 26 1
1046 2 64 65 1
1095 2 110 111 3
1096 2 114 115 3
1097 2 112 113 3
1098 2 107 108 3
1099 2 109 110 3
1101 2 106 107 3
1102 2 113 114 3
1103 2 115 116 3
1104 2 112 111 3
1106 2 108 109 3
1124 2 116 117 3
1135 2 105 106 3
1143 2 117 118 3
1147 2 104 4 3
1148 2 5 118 3
1150 2 104 105 3
1821 2 96 97 2
1832 2 99 100 2
1851 2 101 102 2
1861 2 100 101 2
1864 2 91 92 2
1873 2 90 91 2
1877 2 89 90 2
1878 2 94 95 2
1888 2 88 89 2
1896 2 92 93 2
1907 2 93 94 2
1911 2 102 103 2
1912 2 96 95 2
2052 2 3 87 2
2059 2 97 98 2
2080 2 98 99 2
2120 2 88 87 2
2163 2 4 103 2
