   2.95913601         0.00000000    
   2.96212387         0.00000000    
   2.96511126         0.00000000    
   2.96809864         0.00000000    
   2.97108626         0.00000000    
   2.97407389         0.00000000    
   2.97706127         0.00000000    
   2.98004866         0.00000000    
   2.98303628         0.00000000    
   2.98602390         98.7639084    
   2.98901129         1.23609400    
   2.99199891         0.00000000    
   2.99498653         0.00000000    
   2.99797392         0.00000000    
   3.00096130         0.00000000    
   3.00394893         0.00000000    
   3.00693655         0.00000000    
   3.00992393         0.00000000    
   3.01291132         0.00000000    
   3.01589918         0.00000000    
