   1.00056672         9.06207487E-02
   1.05712223        0.354931265    
   1.11367774        0.792931557    
   1.17023337         2.46186376    
   1.22678888         5.43724489    
   1.28334439         6.72103930    
   1.33989990         6.20752144    
   1.39645553         6.66817713    
   1.45301104         12.2640085    
   1.50956655         25.2680855    
   1.56612206         15.2695971    
   1.62267756         7.37048769    
   1.67923307         4.14589930    
   1.73578870         2.62045002    
   1.79234421         1.94079447    
   1.84889972         1.35931122    
   1.90545523        0.483310670    
   1.96201086        0.309620917    
   2.01856637        0.211448416    
   2.07512188         2.26551872E-02
