   2.20235395        0.545851529    
   2.30027199        0.436681211    
   2.39819026         1.20087337    
   2.49610829         2.72925758    
   2.59402633         5.34934521    
   2.69194436         4.91266394    
   2.78986239         6.33187771    
   2.88778043         6.00436687    
   2.98569846         10.0436678    
   3.08361650         21.8340607    
   3.18153453         14.7379913    
   3.27945256         9.49781704    
   3.37737083         5.34934521    
   3.47528887         3.60262012    
   3.57320690         2.72925758    
   3.67112494         1.41921401    
   3.76904297         1.63755453    
   3.86696100        0.655021846    
   3.96487904        0.764192164    
   4.06279755        0.218340605    
