   2.20629478         1.21951222    
   2.29758692         1.58536589    
   2.38887930         2.92682934    
   2.48017120         2.31707311    
   2.57146358         5.36585379    
   2.66275597         4.87804890    
   2.75404787         4.87804890    
   2.84534025         8.53658581    
   2.93663216         9.63414669    
   3.02792454         24.8780479    
   3.11921692         8.53658581    
   3.21050882         8.17073154    
   3.30180120         5.12195110    
   3.39309335         3.78048778    
   3.48438549         2.92682934    
   3.57567787         1.82926834    
   3.66696978         1.34146345    
   3.75826216        0.487804890    
   3.84955454        0.609756112    
   3.94084644        0.975609779    
