   1.00056672         9.02662873E-02
   1.05712223        0.353542954    
   1.11367774        0.834963143    
   1.17023337         2.46727848    
   1.22678888         5.40845490    
   1.28334439         6.52926111    
   1.33989990         6.19076252    
   1.39645553         6.76997137    
   1.45301104         12.2987814    
   1.50956655         25.2294273    
   1.56612206         15.3904018    
   1.62267756         7.36422443    
   1.67923307         4.14472675    
   1.73578870         2.61772227    
   1.79234421         1.94824731    
   1.84889972         1.34647214    
   1.90545523        0.473897994    
   1.96201086        0.308409810    
   2.01856637        0.210621327    
   2.07512188         2.25665718E-02
