   1.24388337         1.82926834    
   1.30286956         1.21951222    
   1.36185551         2.13414645    
   1.42084169         5.18292665    
   1.47982764         8.23170757    
   1.53881383         7.92682934    
   1.59779978         11.2804880    
   1.65678573         4.26829290    
   1.71577191         9.75609779    
   1.77475786         25.9146347    
   1.83374405         3.65853667    
   1.89273000         4.57317066    
   1.95171618         3.65853667    
   2.01070213         4.57317066    
   2.06968832         2.43902445    
   2.12867427         1.82926834    
   2.18766022        0.609756112    
   2.24664640        0.609756112    
   2.30563259         0.00000000    
   2.36461854        0.304878056    
