  0.578390360        0.826161802    
  0.607408047         2.34079170    
  0.636425734         2.85714293    
  0.665443420         3.44234085    
  0.694461107         4.47504282    
  0.723478794         6.67814112    
  0.752496541         20.0344238    
  0.781514227         31.7383823    
  0.810531914         10.6368332    
  0.839549601         4.68158340    
  0.868567348         3.30464721    
  0.897585034         2.51290870    
  0.926602721         3.71772814    
  0.955620408         1.44578314    
  0.984638095        0.826161802    
   1.01365578        0.206540450    
   1.04267347         6.88468143E-02
   1.07169127        0.137693629    
   1.10070896         0.00000000    
   1.12972665         6.88468143E-02
