        2244
          36           1
          41           2
          43           2
          45           1
          46           2
          49           2
          50           1
          51           1
          52           1
          56           2
          57           2
          60           1
          61           2
          62           1
          63           1
          66           1
          68           1
          69           3
          73           1
          76           2
          78           2
          79           1
          81           1
          83           1
          85           1
          88           2
          91           1
          99           1
         101           2
         108           2
         110           2
         111           1
         112           2
         115           1
         120           1
         123           2
         125           2
         126           2
         128           1
         129           2
         132           1
         135           1
         140           2
         142           2
         143           1
         144           1
         145           1
         148           2
         150           1
         151           1
         152           1
         153           2
         154           1
         155           1
         157           3
         158           3
         159           1
         160           1
         162           2
         165           2
         167           3
         171           1
         172           1
         175           1
         181           2
         188           1
         193           1
         197           2
         201           1
         203           2
         215           1
         216           2
         217           2
         225           1
         226           2
         232           2
         233           2
         236           1
         238           1
         248           3
         256           2
         265           1
         266           2
         274           1
         275           1
         277           2
         278           1
         281           2
         282           2
         284           2
         289           1
         290           1
         293           2
         294           1
         295           2
         296           1
         300           1
         305           2
         306           1
         314           1
         318           1
         319           1
         320           1
         328           1
         336           2
         337           2
         338           2
         340           1
         342           1
         343           1
         353           2
         354           1
         356           2
         361           1
         364           1
         366           2
         368           2
         370           2
         372           1
         386           1
         389           2
         393           1
         395           1
         400           2
         401           2
         402           2
         408           2
         412           2
         420           1
         421           1
         424           1
         425           2
         430           2
         432           2
         433           2
         436           2
         442           2
         443           2
         444           1
         446           1
         450           1
         454           2
         456           2
         461           1
         467           2
         471           2
         481           2
         484           2
         485           1
         491           2
         492           1
         494           2
         495           2
         496           2
         503           2
         504           1
         509           2
         514           2
         515           1
         516           2
         518           1
         524           1
         527           2
         528           2
         533           2
         535           1
         538           1
         540           1
         542           1
         544           1
         545           1
         548           2
         552           1
         554           2
         555           1
         556           1
         562           1
         563           2
         564           2
         565           1
         567           1
         581           1
         585           2
         587           2
         591           1
         595           1
         597           1
         605           1
         608           2
         612           2
         614           1
         619           1
         622           3
         624           2
         637           3
         638           1
         651           3
         653           2
         682           1
         691           2
         693           2
         699           3
         702           3
         727           2
         728           1
         731           3
         739           2
         741           2
         743           1
         751           2
         756           2
         758           2
         768           2
         792           2
         794           2
         831           2
         842           2
         848           1
         859           2
         863           2
         870           2
         880           1
         890           2
         895           2
         906           2
         913           2
         923           2
         925           2
         947           2
         971           2
         978           2
         980           2
         987           1
         997           1
        1000           1
        1005           1
        1021           3
        1041           1
        1044           2
        1056           1
        1147           2
        1151           1
        1154           2
        1182           1
        1206           2
        1221           2
        1246           1
        1253           2
        1267           2
        1300           1
        1347           1
        1359           1
        1365           2
        1371           1
        1390           2
        1399           2
        1413           2
        1419           1
        1487           1
        1539           1
        1542           1
        1552           1
        1556           1
        1624           1
        1643           1
        1647           1
        1650           1
        1670           1
        1717           1
        1737           1
        1750           1
        1754           1
        1836           2
        1877           2
        1964           1
        1965           1
        2017           1
        2018           2
        2060           1
        2110           1
        2136           2
        2140           1
        2153           2
        2161           2
        2416           1
        2534           1
        2614           1
        2638           1
        2642           1
        2720           2
        2755           1
        2787           1
        2808           2
        2823           1
        2828           1
        2835           1
        2855           1
        2861           1
        2865           1
        2870           1
        2875           2
        2881           1
        2885           1
        2892           1
        2907           1
        2947           1
        2954           1
        2997           2
        3011           1
        3022           1
        3025           1
        3042           1
        3055           1
        3095           1
        3196           1
        3218           1
        3251           1
        3266           2
        3281           1
        3283           2
        3288           1
        3289           1
        3290           2
        3293           2
        3294           1
        3295           2
        3298           1
        3299           2
        3300           1
        3306           1
        3309           1
        3310           2
        3312           2
        3313           1
        3315           1
        3320           2
        3321           1
        3331           1
        3335           1
        3347           1
        3348           2
        3352           2
        3357           1
        3378           1
        3379           1
        3380           1
        3385           1
        3389           1
        3393           2
        3395           2
        3396           1
        3410           2
        3414           1
        3415           1
        3420           1
        3421           2
        3444           2
        3445           1
        3446           1
        3447           2
        3449           2
        3450           1
        3451           1
        3452           2
        3453           1
        3454           1
        3455           1
        3456           2
        3457           2
        3458           2
        3459           2
        3462           1
        3463           1
        3464           2
        3468           2
        3471           2
        3472           1
        3473           2
        3483           1
        3484           2
        3485           1
        3486           2
        3487           1
        3492           2
        3493           1
        3494           1
        3523           1
        3538           1
        3539           1
        3596           1
        3637           2
        3669           1
        3689           2
        3705           1
        3778           2
        3790           2
        3808           2
        3820           2
        3824           2
        3829           1
        3830           1
        3838           1
        3842           1
        3843           1
        3844           2
        3849           1
        3862           2
        3883           1
        3898           2
        3899           1
        3903           2
        3904           2
        3909           1
        3914           1
        3915           2
        3919           1
        3922           1
        3923           2
        3925           2
        3929           2
        3930           1
        3931           1
        3932           1
        3933           2
        3934           2
        3936           2
        3937           2
        3939           1
        3940           2
        3941           1
        3942           2
        3943           1
        3944           2
        3945           2
        3948           1
        3949           2
        3954           1
        3957           1
        3959           2
        3976           2
        3986           2
        3997           2
        4020           1
        4030           2
        4033           2
        4034           2
        4050           1
        4055           1
        4086           2
        4102           2
        4124           1
        4127           2
        4144           1
        4148           2
        4150           2
        4160           1
        4184           2
        4194           2
        4196           1
        4203           2
        4206           1
        4214           2
        4216           1
        4229           2
        4253           1
        4255           1
        4266           1
        4288           2
        4325           2
        4326           1
        4328           2
        4341           1
        4350           2
        4361           2
        4362           2
        4377           2
        4380           2
        4387           2
        4396           1
        4414           2
        4416           1
        4426           1
        4446           2
        4453           2
        4458           1
        4461           2
        4463           2
        4471           2
        4473           1
        4476           2
        4481           3
        4492           1
        4493           2
        4494           1
        4495           2
        4510           2
        4516           2
        4518           1
        4529           1
        4552           1
        4597           2
        4608           2
        4621           2
        4625           2
        4626           2
        4635           1
        4644           2
        4645           2
        4656           1
        4661           2
        4662           2
        4663           1
        4664           2
        4665           1
        4666           1
        4667           2
        4669           1
        4672           2
        4674           2
        4675           2
        4679           1
        4685           1
        4687           2
        4697           2
        4699           1
        4700           2
        4701           1
        4706           1
        4707           2
        4708           2
        4712           2
        4713           2
        4715           2
        4717           2
        4719           1
        4720           1
        4723           2
        4725           1
        4726           1
        4727           1
        4728           2
        4731           1
        4732           2
        4733           2
        4740           2
        4741           1
        4743           3
        4744           3
        4745           2
        4746           1
        4748           2
        4749           1
        4750           2
        4756           2
        4757           2
        4758           1
        4763           1
        4764           1
        4765           2
        4766           1
        4767           2
        4768           2
        4769           1
        4771           2
        4772           1
        4773           2
        4774           2
        4775           1
        4776           1
        4777           2
        4778           2
        4779           2
        4780           1
        4781           1
        4782           1
        4783           2
        4784           2
        4785           2
        4786           2
        4787           1
        4788           1
        4789           2
        4790           2
        4791           1
        4792           1
        4793           2
        4794           1
        4795           1
        4796           3
        4797           3
        4798           3
        4799           3
        4800           3
        4801           3
        4807           3
        4813           1
        4815           1
        4817           1
        4850           1
        4855           1
        4867           2
        4879           2
        4888           2
        4894           1
        4902           1
        4906           2
        4921           1
        4925           2
        4929           1
        4934           2
        4937           1
        4943           1
        4947           1
        4948           3
        4951           2
        4955           2
        4959           2
        4962           2
        4973           2
        4981           1
        4985           2
        4987           2
        4996           2
        5000           1
        5002           2
        5007           1
        5009           1
        5019           3
        5031           3
        5038           3
        5040           1
        5043           3
        5051           3
        5059           3
        5062           2
        5065           3
        5075           1
        5077           1
        5079           1
        5088           1
        5091           3
        5094           1
        5113           1
        5116           2
        5127           3
        5139           2
        5140           2
        5144           3
        5148           1
        5151           3
        5152           1
        5153           1
        5154           3
        5155           2
        5159           2
        5161           2
        5164           1
        5176           3
        5183           1
        5198           2
        5201           2
        5209           2
        5220           2
        5226           3
        5229           2
        5230           1
        5234           1
        5240           2
        5241           1
        5248           2
        5250           2
        5256           3
        5262           2
        5263           1
        5265           3
        5274           2
        5276           1
        5279           2
        5289           1
        5296           2
        5305           2
        5311           2
        5312           1
        5316           1
        5321           2
        5326           1
        5332           1
        5339           1
        5340           2
        5346           2
        5351           2
        5360           1
        5364           3
        5366           1
        5372           2
        5373           1
        5384           1
        5387           1
        5392           1
        5395           1
        5397           1
        5402           2
        5405           2
        5410           1
        5421           2
        5445           1
        5447           1
        5450           1
        5453           2
        5469           1
        5474           1
        5476           2
        5477           2
        5479           2
        5480           1
        5481           1
        5484           1
        5498           2
        5508           1
        5510           2
        5512           1
        5514           1
        5515           2
        5519           1
        5521           2
        5525           2
        5542           2
        5543           1
        5544           1
        5547           1
        5562           1
        5563           2
        5580           2
        5584           1
        5587           2
        5592           2
        5596           2
        5598           1
        5603           1
        5618           1
        5619           2
        5628           1
        5632           2
        5639           1
        5640           3
        5645           2
        5647           1
        5651           2
        5654           1
        5655           1
        5661           2
        5688           1
        5694           1
        5695           2
        5703           1
        5712           3
        5716           2
        5720           2
        5727           1
        5734           1
        5738           1
        5741           1
        5753           3
        5757           1
        5759           2
        5765           1
        5774           1
        5781           2
        5792           2
        5794           1
        5808           1
        5811           1
        5830           2
        5834           1
        5839           2
        5841           2
        5845           2
        5850           2
        5851           1
        5858           1
        5879           2
        5906           1
        5914           2
        5915           2
        5918           2
        5930           2
        5936           2
        5945           2
        5954           2
        5957           1
        5961           1
        5963           1
        5966           2
        5974           1
        5980           2
        5994           1
        5998           1
        6006           1
        6007           2
        6013           2
        6015           2
        6028           2
        6033           2
        6048           1
        6061           2
        6062           2
        6072           1
        6082           1
        6084           2
        6086           1
        6093           2
        6098           1
        6100           2
        6109           2
        6120           2
        6122           1
        6123           1
        6127           1
        6136           1
        6139           1
        6143           1
        6144           1
        6151           2
        6155           2
        6160           1
        6166           2
        6169           2
        6179           1
        6180           2
        6192           1
        6193           2
        6209           1
        6218           2
        6221           2
        6224           1
        6228           1
        6230           1
        6233           1
        6244           2
        6265           1
        6273           2
        6299           1
        6316           1
        6317           2
        6324           2
        6345           1
        6353           1
        6356           1
        6364           2
        6371           2
        6373           2
        6377           1
        6389           2
        6396           1
        6435           2
        6446           2
        6450           2
        6453           2
        6460           1
        6474           2
        6475           1
        6484           1
        6488           2
        6501           2
        6505           1
        6506           2
        6513           2
        6516           2
        6518           1
        6535           2
        6536           1
        6541           1
        6542           2
        6558           2
        6559           2
        6568           2
        6593           2
        6599           1
        6623           2
        6627           1
        6628           1
        6639           1
        6665           1
        6690           2
        6710           1
        6722           2
        6744           2
        6745           2
        6748           2
        6756           2
        6776           2
        6779           2
        6797           1
        6803           2
        6857           1
        6867           1
        6872           2
        6874           2
        6888           2
        6901           1
        6975           2
        6987           2
        7008           2
        7014           2
        7018           2
        7025           1
        7037           1
        7047           1
        7063           1
        7066           2
        7097           2
        7146           1
        7151           2
        7182           2
        7189           1
        7221           2
        7244           1
        7246           1
        7270           2
        7273           2
        7277           2
        7283           2
        7285           2
        7290           2
        7299           1
        7300           2
        7303           1
        7305           1
        7310           1
        7311           1
        7312           1
        7314           2
        7338           2
        7350           1
        7361           1
        7366           2
        7378           2
        7382           2
        7384           2
        7387           2
        7396           2
        7401           2
        7420           1
        7430           2
        7436           2
        7438           1
        7442           2
        7446           1
        7448           2
        7452           1
        7453           2
        7483           2
        7486           2
        7487           2
        7488           2
        7489           1
        7500           1
        7504           1
        7510           1
        7515           2
        7532           2
        7548           2
        7549           1
        7555           1
        7563           1
        7570           2
        7571           1
        7580           2
        7585           2
        7592           1
        7593           1
        7607           1
        7608           2
        7612           2
        7616           1
        7618           2
        7644           1
        7650           1
        7654           1
        7657           1
        7664           1
        7674           2
        7675           2
        7682           1
        7684           1
        7698           2
        7704           2
        7715           2
        7725           2
        7726           1
        7734           1
        7736           2
        7740           1
        7742           2
        7751           1
        7770           2
        7771           2
        7783           1
        7785           2
        7823           2
        7824           2
        7839           1
        7843           1
        7855           2
        7867           1
        7878           2
        7894           1
        7900           2
        7903           1
        7908           2
        7910           1
        7916           1
        7920           1
        7921           1
        7931           2
        7938           2
        7950           2
        7979           2
        7986           1
        7999           1
        8029           1
        8040           1
        8047           1
        8054           2
        8057           1
        8058           1
        8063           2
        8087           1
        8108           2
        8109           2
        8115           1
        8133           2
        8135           1
        8145           2
        8158           1
        8168           2
        8172           1
        8189           1
        8200           2
        8231           1
        8237           2
        8246           2
        8268           2
        8300           1
        8307           1
        8317           2
        8320           2
        8325           1
        8328           2
        8340           1
        8343           2
        8361           1
        8388           1
        8392           1
        8410           1
        8415           2
        8422           1
        8426           1
        8443           1
        8456           2
        8458           1
        8461           2
        8462           1
        8469           1
        8477           2
        8491           2
        8494           2
        8514           1
        8538           2
        8540           1
        8560           1
        8565           2
        8572           2
        8574           1
        8577           2
        8578           1
        8589           1
        8602           1
        8604           1
        8618           1
        8619           1
        8621           1
        8630           2
        8633           2
        8637           1
        8649           1
        8654           2
        8659           1
        8665           1
        8671           2
        8673           2
        8688           2
        8700           1
        8707           1
        8709           2
        8717           2
        8720           2
        8721           1
        8727           1
        8729           1
        8748           1
        8750           2
        8756           1
        8813           2
        8814           2
        8845           2
        8850           2
        8852           1
        8855           2
        8863           1
        8865           1
        8885           1
        8887           1
        8889           1
        8890           1
        8904           1
        8920           2
        8931           2
        8932           1
        8940           2
        8950           1
        8960           1
        8963           1
        8965           1
        8968           1
        8971           1
        8975           1
        8987           1
        8995           2
        8999           2
        9001           1
        9012           1
        9027           1
        9038           1
        9044           1
        9045           2
        9073           2
        9076           1
        9095           1
        9100           1
        9114           1
        9119           1
        9120           1
        9130           1
        9140           1
        9141           2
        9150           1
        9158           2
        9160           2
        9161           2
        9166           1
        9171           1
        9173           1
        9178           1
        9188           1
        9195           1
        9202           1
        9211           2
        9214           1
        9215           1
        9224           1
        9233           2
        9246           2
        9251           2
        9257           1
        9273           2
        9277           1
        9286           2
        9287           2
        9300           1
        9309           2
        9319           2
        9320           2
        9332           1
        9349           1
        9353           2
        9389           1
        9395           2
        9405           2
        9416           1
        9454           1
        9459           2
        9461           1
        9492           1
        9499           2
        9509           1
        9510           1
        9543           2
        9557           1
        9561           2
        9576           2
        9599           1
        9621           2
        9642           2
        9643           2
        9654           2
        9671           1
        9680           1
        9682           1
        9684           2
        9710           2
        9715           1
        9720           2
        9729           2
        9735           2
        9737           1
        9745           2
        9748           2
        9749           1
        9761           2
        9765           1
        9766           1
        9780           1
        9781           2
        9785           2
        9786           2
        9788           1
        9797           2
        9822           2
        9824           1
        9825           1
        9833           1
        9850           2
        9862           2
        9873           2
        9874           2
        9904           1
        9908           2
        9917           2
        9933           2
        9943           1
        9946           2
        9956           2
        9970           1
        9972           1
        9973           2
        9974           1
        9998           1
       10003           2
       10006           1
       10007           2
       10010           2
       10023           2
       10043           2
       10054           1
       10059           2
       10075           1
       10095           1
       10096           1
       10129           2
       10131           1
       10148           2
       10164           1
       10169           2
       10178           1
       10199           1
       10210           2
       10225           2
       10248           1
       10277           1
       10289           2
       10301           1
       10303           1
       10305           2
       10333           2
       10387           2
       10388           2
       10409           2
       10424           2
       10485           2
       10493           1
       10500           1
       10539           2
       10589           1
       10616           1
       10620           1
       10623           1
       10646           1
       10650           2
       10688           1
       10712           2
       10754           1
       10760           1
       10765           2
       10785           1
       10791           2
       10814           2
       10835           2
       10858           2
       10871           1
       10890           1
       10896           3
       10903           2
       10907           1
       10917           1
       10924           2
       10929           2
       10947           2
       10961           2
       10988           2
       10997           2
       11003           2
       11024           2
       11029           2
       11037           1
       11053           1
       11059           1
       11060           1
       11061           2
       11080           2
       11083           2
       11084           2
       11089           1
       11091           2
       11096           1
       11097           1
       11109           2
       11124           2
       11140           2
       11156           2
       11159           2
       11162           1
       11164           2
       11166           1
       11172           2
       11177           1
       11178           1
       11181           1
       11186           2
       11196           1
       11199           1
       11201           1
       11204           2
       11226           1
       11227           2
       11237           1
       11239           2
       11251           2
       11260           1
       11262           2
       11263           2
       11269           3
       11274           2
       11277           1
       11290           2
       11295           2
       11303           2
       11305           1
       11311           2
       11317           2
       11331           1
       11332           2
       11333           2
       11335           1
       11341           2
       11344           1
       11346           1
       11347           1
       11351           2
       11353           2
       11354           2
       11356           2
       11358           2
       11363           2
       11366           1
       11372           1
       11378           2
       11388           1
       11390           1
       11395           2
       11396           1
       11405           1
       11412           3
       11414           2
       11427           2
       11430           2
       11436           2
       11442           1
       11445           1
       11447           2
       11451           1
       11457           2
       11458           2
       11460           2
       11466           2
       11469           1
       11470           1
       11482           2
       11483           2
       11492           2
       11496           1
       11497           1
       11498           1
       11500           1
       11502           2
       11503           1
       11511           1
       11514           2
       11518           2
       11519           2
       11521           2
       11531           2
       11534           2
       11536           1
       11538           1
       11540           2
       11543           3
       11547           2
       11549           2
       11550           2
       11551           1
       11556           1
       11560           2
       11566           1
       11570           1
       11580           1
       11585           3
       11587           2
       11594           1
       11602           2
       11611           2
       11614           2
       11616           2
       11621           1
       11625           1
       11626           2
       11628           2
       11637           2
       11641           1
       11642           2
       11644           2
       11649           2
       11650           1
       11656           2
       11657           2
       11659           2
       11662           1
       11665           2
       11666           1
       11667           1
       11669           1
       11672           2
       11673           1
       11675           1
       11676           1
       11678           2
       11684           2
       11686           2
       11687           1
       11691           1
       11692           2
       11694           1
       11695           1
       11708           1
       11713           1
       11723           1
       11725           1
       11728           1
       11730           2
       11733           2
       11735           1
       11736           2
       11738           1
       11739           1
       11743           1
       11744           2
       11747           1
       11749           1
       11750           3
       11752           2
       11753           1
       11754           1
       11755           1
       11763           2
       11765           2
       11766           1
       11769           2
       11770           2
       11772           1
       11773           2
       11777           2
       11780           1
       11783           2
       11793           1
       11796           2
       11797           2
       11798           2
       11799           1
       11803           1
       11805           1
       11806           1
       11811           1
       11818           2
       11820           2
       11822           1
       11823           1
       11830           1
       11831           1
       11834           2
       11835           2
       11836           1
       11840           3
       11847           3
       11850           2
       11853           2
       11855           2
       11856           2
       11860           3
       11861           3
       11862           3
       11864           2
       11867           2
       11868           1
       11869           2
       11870           2
       11873           2
       11874           1
       11878           1
       11880           1
       11885           2
       11887           1
       11888           1
       11889           2
       11891           1
       11892           1
       11894           2
       11895           2
       11896           2
       11901           2
       11904           1
       11905           1
       11906           1
       11908           1
       11909           2
       11911           2
       11912           2
       11913           1
       11916           2
       11919           1
       11920           3
       11921           1
       11922           2
       11923           2
       11924           1
       11929           1
       11933           2
       11937           2
       11938           2
       11939           2
       11940           1
       11944           2
       11946           1
       11949           1
       11951           1
       11952           2
       11954           1
       11957           2
       11962           3
       11963           2
       11964           2
       11967           1
       11968           2
       11971           2
       11974           1
       11977           1
       11978           1
       11979           1
       11983           2
       11985           1
       11988           1
       11990           1
       11994           2
       11995           1
       12001           2
       12002           1
       12005           1
       12007           1
       12008           1
       12009           1
       12010           2
       12013           1
       12023           1
       12027           1
       12029           2
       12030           2
       12031           2
       12032           2
       12034           1
       12035           2
       12038           2
       12044           2
       12045           1
       12046           1
       12048           3
       12050           2
       12052           2
       12053           2
       12054           3
       12056           2
       12058           2
       12060           1
       12065           2
       12066           1
       12069           1
       12071           1
       12072           1
       12075           2
       12076           2
       12078           1
       12080           2
       12081           2
       12082           1
       12084           1
       12087           2
       12091           1
       12093           1
       12095           2
       12098           2
       12100           2
       12103           1
       12104           1
       12106           2
       12108           3
       12109           1
       12111           1
       12112           2
       12113           1
       12114           1
       12116           2
       12118           1
       12119           1
       12120           2
       12121           2
       12123           2
       12124           2
       12125           1
       12128           2
       12130           2
       12131           2
       12133           1
       12135           1
       12137           2
       12138           2
       12141           1
       12142           1
       12143           1
       12145           2
       12149           2
       12151           2
       12152           2
       12155           2
       12158           2
       12159           1
       12161           2
       12162           1
       12165           2
       12166           2
       12167           2
       12168           2
       12170           2
       12172           1
       12173           2
       12174           1
       12176           2
       12177           1
       12179           1
       12182           2
       12183           3
       12184           3
       12185           3
       12186           3
       12187           2
       12191           2
       12192           1
       12193           1
       12194           1
       12195           3
       12198           2
       12199           2
       12200           1
       12202           2
       12203           2
       12205           2
       12206           2
       12207           2
       12211           2
       12212           2
       12214           1
       12217           1
       12221           1
       12223           2
       12225           1
       12226           2
       12228           2
       12230           2
       12235           2
       12237           1
       12238           3
       12241           2
       12243           1
       12247           2
       12250           1
       12251           1
       12255           2
       12256           2
       12257           2
       12258           2
       12259           2
       12260           1
       12263           2
       12264           2
       12265           2
       12267           2
       12269           1
       12270           2
       12272           2
       12273           1
       12274           1
       12275           2
       12276           2
       12277           1
       12280           1
       12281           3
       12282           2
       12283           2
       12284           1
       12285           1
       12286           1
       12288           2
       12289           2
       12292           2
       12293           1
       12294           2
       12295           2
       12304           1
       12307           2
       12308           1
       12309           1
       12312           1
       12317           2
       12319           2
       12325           1
       12330           1
       12333           2
       12340           2
       12341           2
       12345           2
       12347           3
       12349           1
       12350           1
       12354           2
       12355           2
       12356           1
       12361           2
       12364           2
       12374           2
       12377           2
       12381           2
       12386           2
       12389           2
       12390           1
       12391           1
       12392           2
       12397           1
       12400           2
       12402           2
       12403           2
       12407           1
       12410           2
       12411           1
       12413           1
       12418           2
       12420           2
       12421           1
       12422           2
       12426           1
       12429           1
       12430           2
       12434           2
       12435           2
       12436           1
       12437           1
       12438           2
       12442           2
       12443           2
       12445           2
       12447           1
       12450           3
       12451           1
       12452           2
       12453           2
       12454           1
       12455           2
       12458           2
       12460           2
       12461           1
       12465           1
       12467           1
       12468           2
       12469           2
       12471           1
       12472           1
       12473           1
       12474           2
       12478           2
       12479           2
       12480           2
       12482           2
       12483           2
       12484           2
       12485           1
       12486           1
       12488           1
       12489           1
       12493           2
       12498           1
       12501           2
       12502           2
       12503           2
       12504           1
       12506           2
       12508           1
       12509           1
       12511           1
       12514           1
       12515           2
       12516           3
       12519           1
       12520           1
       12521           1
       12525           2
       12526           2
       12527           2
       12529           2
       12531           1
       12532           2
       12533           2
       12535           2
       12540           2
       12541           1
       12542           1
       12547           1
       12549           3
       12551           1
       12552           1
       12555           1
       12557           2
       12558           2
       12561           2
       12562           1
       12565           2
       12566           2
       12574           2
       12575           1
       12577           2
       12578           1
       12580           1
       12582           2
       12585           2
       12587           2
       12590           2
       12591           1
       12593           3
       12597           1
       12600           2
       12601           1
       12602           1
       12603           2
       12605           1
       12606           2
       12608           2
       12609           2
       12611           1
       12612           1
       12618           1
       12619           2
       12621           2
       12623           1
       12624           1
       12625           1
       12626           2
       12627           2
       12628           2
       12629           1
       12630           1
       12631           2
       12632           1
       12634           2
       12637           1
       12650           1
       12651           1
       12653           2
       12654           2
       12660           2
       12663           1
       12666           1
       12668           2
       12669           1
       12671           2
       12673           1
       12675           1
       12676           1
       12680           1
       12682           2
       12685           2
       12687           2
       12691           1
       12694           1
       12699           1
       12704           2
       12705           1
       12708           1
       12712           1
       12715           2
       12716           2
       12717           1
       12719           1
       12721           1
       12722           1
       12723           1
       12728           2
       12730           3
       12734           2
       12735           1
       12736           1
       12740           1
       12741           2
       12742           1
       12751           1
       12753           2
       12755           2
       12758           2
       12761           3
       12762           2
       12765           1
       12766           2
       12770           2
       12771           2
       12772           2
       12776           1
       12777           2
       12778           1
       12779           1
       12780           1
       12781           1
       12783           2
       12785           2
       12787           1
       12788           1
       12789           2
       12791           1
       12792           1
       12793           2
       12795           2
       12796           1
       12797           1
       12798           2
       12800           1
       12802           2
       12805           1
       12807           1
       12810           2
       12812           2
       12813           2
       12815           2
       12816           1
       12817           1
       12819           1
       12820           1
       12822           2
       12824           1
       12825           1
       12828           2
       12830           2
       12831           1
       12833           1
       12836           1
       12837           3
       12838           1
       12842           2
       12844           1
       12846           2
       12850           2
       12852           1
       12853           1
       12854           2
       12856           3
       12858           1
       12860           2
       12861           2
       12862           2
       12863           1
       12867           2
       12868           1
       12870           2
       12871           2
       12873           1
       12874           2
       12876           1
       12877           1
       12880           2
       12884           1
       12885           1
       12886           1
       12887           2
       12889           1
       12890           2
       12892           2
       12893           3
       12894           2
       12895           1
       12896           2
       12897           1
       12898           2
       12900           2
       12904           2
       12905           1
       12906           1
       12908           2
       12910           2
       12911           1
       12912           1
       12913           2
       12914           3
       12916           1
       12917           2
       12918           1
       12919           2
       12920           1
       12922           2
       12924           2
       12929           2
       12930           1
       12931           3
       12933           2
       12935           1
       12936           2
       12937           1
       12938           2
       12940           1
       12941           3
       12942           3
       12943           3
       12944           2
       12945           3
       12946           2
       12948           2
       12949           1
       12950           1
       12951           2
       12953           1
       12954           2
       12955           1
       12956           2
       12957           1
       12959           2
       12960           2
       12961           1
       12962           2
       12963           2
       12964           2
       12965           2
       12967           2
       12968           2
       12969           1
       12970           3
       12972           1
       12973           1
       12974           1
       12976           2
       12977           1
       12978           2
       12980           1
       12981           1
       12982           2
       12985           1
       12986           2
       12989           1
       12991           2
       12992           1
       12993           3
       12995           2
       12997           3
       12998           1
       13000           2
       13002           3
       13003           2
       13004           2
       13005           1
       13006           2
       13007           1
       13010           1
       13011           2
       13012           1
       13013           1
       13014           1
       13016           1
       13018           2
       13020           1
       13021           3
       13022           3
       13023           3
       13024           3
       13025           2
       13026           2
       13027           1
       13028           1
       13029           2
       13030           2
       13032           1
       13034           1
       13035           2
       13036           1
       13039           2
       13040           1
       13042           1
       13043           1
       13044           1
       13045           2
       13048           2
       13050           2
       13051           2
       13053           1
       13054           1
       13055           2
       13056           2
       13057           3
       13059           2
       13060           1
       13061           1
       13063           1
       13064           2
       13065           1
       13067           2
       13068           2
       13073           1
       13074           1
       13076           2
       13077           1
       13079           1
       13084           2
       13085           2
       13087           2
       13089           1
       13094           3
       13096           1
       13099           1
       13101           1
       13108           2
       13109           2
       13110           2
       13111           2
       13112           1
       13114           2
       13118           2
       13120           2
       13123           1
       13124           2
       13125           2
       13128           2
       13130           2
       13132           2
       13133           3
       13135           1
       13137           1
       13138           2
       13139           2
       13141           2
       13143           1
       13144           1
       13146           3
       13147           1
       13149           1
       13154           1
       13157           2
       13160           1
       13162           1
       13164           1
       13171           1
       13173           2
       13175           2
       13176           1
       13177           1
       13178           1
       13180           2
       13181           2
       13182           3
       13183           2
       13184           1
       13185           1
       13189           2
       13190           2
       13191           1
       13192           1
       13193           2
       13194           1
       13195           3
       13196           3
       13197           3
       13198           3
       13199           2
       13200           2
       13203           1
       13206           1
       13207           1
       13208           2
       13209           2
       13210           2
       13211           2
       13212           1
       13216           1
       13218           1
       13219           1
       13221           1
       13222           2
       13224           2
       13225           2
       13227           1
       13228           2
       13231           2
       13232           3
       13233           1
       13235           2
       13236           1
       13237           2
       13238           1
       13239           2
       13241           1
       13244           1
       13245           1
       13249           1
       13250           2
       13251           1
       13253           2
       13254           1
       13259           2
       13260           2
       13261           1
       13263           2
       13264           2
       13265           2
       13268           1
       13269           2
       13272           2
