         440
         160  2          179         180  4
         265  2          180         181  4
         274  2          143         144  4
        1750  2          192         193  4
        2017  2          190         191  4
        2110  2          174         175  4
        2642  2          171         172  4
        2823  2          200         201  4
        3288  2          169         170  4
        3298  2          172         173  4
        3306  2          161         162  4
        3313  2          162         163  4
        3321  2          178         179  4
        3415  2          187         188  4
        3445  2          189         190  4
        3450  2          144         145  4
        3451  2          148         149  4
        3462  2          198         199  4
        3485  2          193         194  4
        3493  2          191         192  4
        3838  2          173         174  4
        3842  2          168         169  4
        3909  2          163         164  4
        3922  2          188         189  4
        3930  2          147         148  4
        3941  2          194         195  4
        4055  2          195         196  4
        4206  2          199         200  4
        4326  2          136         137  4
        4341  2          137         138  4
        4426  2          132         133  4
        4473  2          207         208  4
        4666  2          135         136  4
        4669  2          120         121  4
        4679  2          131         132  4
        4701  2          133         134  4
        4726  2          134         135  4
        4727  2          208         209  4
        4741  2          130         131  4
        4743  2          119         120  4
        4749  2          128         129  4
        4758  2          209         210  4
        4764  2          211         212  4
        4769  2          210         211  4
        4775  2          214         215  4
        4780  2          215         216  4
        4781  2          123         124  4
        4782  2          216         217  4
        4788  2          217         218  4
        4792  2          122         123  4
        4794  2          121         122  4
        4795  2          218         219  4
        4799  2          118         119  4
        4800  2          221         222  4
        4801  2          222         223  4
        4894  2          170         171  4
        4929  2          129         130  4
       10589  2          158         159  4
       10907  2          184         185  4
       11237  2          146         147  4
       11366  2          220         221  4
       11536  2          196         197  4
       11594  2          157         158  4
       11687  2          155         156  4
       11691  2          177         178  4
       11708  2          145         146  4
       11738  2          183         184  4
       11749  2          182         183  4
       11772  2          203         204  4
       11822  2          213         214  4
       11860  2          117         118  4
       11913  2          219         220  4
       11940  2          140         141  4
       11951  2          152         153  4
       12005  2          159         160  4
       12007  2          206         207  4
       12008  2          150         151  4
       12013  2          126         127  4
       12133  2          185         186  4
       12141  2          166         167  4
       12177  2          202         203  4
       12179  2          176         177  4
       12185  2          224           1  4
       12186  2            3         116  4
       12225  2          197         198  4
       12243  2          139         140  4
       12269  2          125         126  4
       12413  2          156         157  4
       12465  2          151         152  4
       12471  2          181         182  4
       12498  2          204         205  4
       12514  2          127         128  4
       12551  2          212         213  4
       12580  2          160         161  4
       12612  2          164         165  4
       12637  2          186         187  4
       12675  2          141         142  4
       12787  2          165         166  4
       12791  2          205         206  4
       12797  2          149         150  4
       12876  2          153         154  4
       12935  2          142         143  4
       12941  2          116         117  4
       12969  2          167         168  4
       13016  2          201         202  4
       13020  2          175         176  4
       13023  2          223         224  4
       13061  2          138         139  4
       13065  2          154         155  4
       13123  2          124         125  4
          83  2          308         309  2
         111  2          274         275  2
         115  2          258         259  2
         236  2          285         286  2
         361  2          248         249  2
         743  2          260         261  2
        1182  2          245         246  2
        2140  2          292         293  2
        2614  2          280         281  2
        3196  2          314         315  2
        3289  2          278         279  2
        3294  2          273         274  2
        3300  2          281         282  2
        3309  2          284         285  2
        3315  2          271         272  2
        3335  2          267         268  2
        3347  2          290         291  2
        3357  2          264         265  2
        3378  2          293         294  2
        3389  2          262         263  2
        3396  2          261         262  2
        3414  2          296         297  2
        3420  2          259         260  2
        3446  2          298         299  2
        3453  2          253         254  2
        3454  2          255         256  2
        3455  2          257         258  2
        3463  2          307         308  2
        3472  2          304         305  2
        3483  2          288         289  2
        3487  2          302         303  2
        3494  2          300         301  2
        3538  2          294         295  2
        3539  2          291         292  2
        3669  2          251         252  2
        3843  2          277         278  2
        3883  2          289         290  2
        3914  2          297         298  2
        3919  2          272         273  2
        3931  2          254         255  2
        3932  2          256         257  2
        3939  2          303         304  2
        3943  2          299         300  2
        3948  2          301         302  2
        3954  2          295         296  2
        3957  2          263         264  2
        4020  2          252         253  2
        4050  2          311         312  2
        4196  2          238         239  2
        4216  2          235         236  2
        4481  2          228         229  2
        4494  2          241         242  2
        4635  2          312         313  2
        4663  2          244         245  2
        4665  2          313         314  2
        4685  2          240         241  2
        4699  2          242         243  2
        4706  2          315         316  2
        4725  2          243         244  2
        4731  2          229         230  2
        4746  2          237         238  2
        4763  2          320         321  2
        4766  2          319         320  2
        4772  2          232         233  2
        4776  2          231         232  2
        4787  2          326         327  2
        4791  2          230         231  2
        4796  2          227         228  2
        4798  2          330         331  2
        4855  2          236         237  2
        4937  2          279         280  2
        4943  2          239         240  2
        9780  2          316         317  2
       10006  2          234         235  2
       10500  2          233         234  2
       11053  2          283         284  2
       11096  2          306         307  2
       11097  2          286         287  2
       11260  2          325         326  2
       11372  2          305         306  2
       11442  2          250         251  2
       11445  2          327         328  2
       11538  2          282         283  2
       11570  2          287         288  2
       11667  2          275         276  2
       11739  2          324         325  2
       11780  2          318         319  2
       11861  2          226         227  2
       11862  2          331         332  2
       11906  2          268         269  2
       11949  2          249         250  2
       11988  2          270         271  2
       12078  2          309         310  2
       12109  2          266         267  2
       12159  2          247         248  2
       12183  2            2         225  2
       12184  2          333           4  2
       12214  2          323         324  2
       12390  2          276         277  2
       12473  2          328         329  2
       12508  2          317         318  2
       12765  2          269         270  2
       12837  2          329         330  2
       12852  2          321         322  2
       12884  2          310         311  2
       12937  2          265         266  2
       12942  2          225         226  2
       12943  2          332         333  2
       12989  2          246         247  2
       13042  2          322         323  2
         112  2           87          88  1
         153  2           48          49  1
         527  2           53          54  1
         741  2           38          39  1
        3293  2           55          56  1
        3312  2           56          57  1
        3393  2           44          45  1
        3395  2           43          44  1
        3444  2           80          81  1
        3449  2           37          38  1
        3452  2           39          40  1
        3471  2           86          87  1
        3484  2           84          85  1
        3492  2           82          83  1
        3903  2           42          43  1
        3923  2           79          80  1
        3929  2           36          37  1
        3936  2           81          82  1
        3942  2           85          86  1
        3944  2           83          84  1
        3945  2           54          55  1
        3959  2           57          58  1
        3997  2           45          46  1
        4086  2           33          34  1
        4328  2           27          28  1
        4350  2           28          29  1
        4493  2           98          99  1
        4597  2           17          18  1
        4608  2          104         105  1
        4621  2           99         100  1
        4661  2           26          27  1
        4664  2           95          96  1
        4707  2           97          98  1
        4728  2           96          97  1
        4732  2          103         104  1
        4748  2           19          20  1
        4756  2           20          21  1
        4757  2          100         101  1
        4768  2          101         102  1
        4773  2           16          17  1
        4774  2          105         106  1
        4777  2           14          15  1
        4778  2          106         107  1
        4779  2          107         108  1
        4784  2           15          16  1
        4785  2           13          14  1
        4786  2          108         109  1
        4793  2           12          13  1
        4934  2          102         103  1
        4955  2           18          19  1
        9786  2           46          47  1
        9946  2           62          63  1
       10388  2           47          48  1
       10712  2           71          72  1
       10896  2            9          10  1
       11332  2           66          67  1
       11447  2           67          68  1
       11502  2           58          59  1
       11614  2          110         111  1
       11750  2          113         114  1
       11769  2           60          61  1
       11798  2           90          91  1
       11867  2           21          22  1
       11939  2           69          70  1
       12010  2           32          33  1
       12048  2            8           9  1
       12065  2           50          51  1
       12124  2           59          60  1
       12130  2           24          25  1
       12155  2           35          36  1
       12168  2           72          73  1
       12170  2           11          12  1
       12183  2          115           2  1
       12185  2            1           7  1
       12187  2           23          24  1
       12195  2          111         112  1
       12199  2           63          64  1
       12257  2           41          42  1
       12258  2           77          78  1
       12264  2           51          52  1
       12265  2           92          93  1
       12267  2           30          31  1
       12295  2           74          75  1
       12340  2          109         110  1
       12386  2           75          76  1
       12422  2           68          69  1
       12469  2           65          66  1
       12502  2           61          62  1
       12529  2           89          90  1
       12582  2           22          23  1
       12621  2           76          77  1
       12660  2           94          95  1
       12685  2           70          71  1
       12789  2           91          92  1
       12802  2           31          32  1
       12860  2           88          89  1
       12870  2           49          50  1
       12945  2            7           8  1
       12951  2           25          26  1
       12986  2           34          35  1
       13002  2           10          11  1
       13006  2           73          74  1
       13021  2          114         115  1
       13039  2           64          65  1
       13108  2           52          53  1
       13114  2           93          94  1
       13125  2           29          30  1
       13130  2           40          41  1
       13141  2           78          79  1
       13182  2          112         113  1
         157  2          335         336  3
         226  2          383         384  3
         624  2          388         389  3
        2161  2          398         399  3
        3283  2          385         386  3
        3290  2          387         388  3
        3295  2          382         383  3
        3299  2          390         391  3
        3310  2          393         394  3
        3320  2          396         397  3
        3348  2          399         400  3
        3410  2          394         395  3
        3421  2          368         369  3
        3447  2          407         408  3
        3456  2          359         360  3
        3457  2          362         363  3
        3458  2          364         365  3
        3459  2          366         367  3
        3464  2          416         417  3
        3468  2          400         401  3
        3473  2          413         414  3
        3486  2          411         412  3
        3778  2          417         418  3
        3790  2          357         358  3
        3844  2          386         387  3
        3862  2          395         396  3
        3898  2          401         402  3
        3904  2          369         370  3
        3915  2          406         407  3
        3925  2          367         368  3
        3933  2          365         366  3
        3934  2          363         364  3
        3940  2          412         413  3
        3949  2          410         411  3
        3976  2          397         398  3
        3986  2          384         385  3
        4033  2          356         357  3
        4034  2          419         420  3
        4102  2          420         421  3
        4150  2          358         359  3
        4229  2          418         419  3
        4288  2          342         343  3
        4387  2          433         434  3
        4453  2          350         351  3
        4476  2          391         392  3
        4510  2          430         431  3
        4516  2          345         346  3
        4626  2          421         422  3
        4662  2          353         354  3
        4667  2          422         423  3
        4672  2          338         339  3
        4674  2          349         350  3
        4675  2          340         341  3
        4687  2          392         393  3
        4700  2          351         352  3
        4708  2          424         425  3
        4713  2          352         353  3
        4715  2          423         424  3
        4723  2          344         345  3
        4733  2          431         432  3
        4740  2          348         349  3
        4744  2          337         338  3
        4745  2          346         347  3
        4750  2          347         348  3
        4765  2          429         430  3
        4767  2          428         429  3
        4771  2          341         342  3
        4783  2          434         435  3
        4789  2          435         436  3
        4790  2          339         340  3
        4797  2          336         337  3
        4888  2          432         433  3
        4906  2          343         344  3
       11024  2          360         361  3
       11084  2          426         427  3
       11295  2          354         355  3
       11351  2          415         416  3
       11395  2          377         378  3
       11492  2          361         362  3
       11549  2          427         428  3
       11587  2          409         410  3
       11637  2          425         426  3
       11796  2          355         356  3
       11901  2          414         415  3
       11962  2          438         439  3
       11963  2          437         438  3
       11968  2          371         372  3
       11971  2          376         377  3
       12058  2          405         406  3
       12116  2          380         381  3
       12184  2            4         334  3
       12186  2          442           3  3
       12203  2          403         404  3
       12238  2          439         440  3
       12259  2          373         374  3
       12319  2          408         409  3
       12458  2          381         382  3
       12535  2          372         373  3
       12600  2          378         379  3
       12631  2          375         376  3
       12716  2          436         437  3
       12728  2          370         371  3
       12867  2          404         405  3
       12936  2          379         380  3
       13004  2          389         390  3
       13022  2          334         335  3
       13024  2          441         442  3
       13057  2          440         441  3
       13110  2          374         375  3
       13175  2          402         403  3
