   2.02490616        0.651890457    
   2.12427521        0.782268584    
   2.22364426        0.521512389    
   2.32301378         3.25945234    
   2.42238283         4.43285513    
   2.52175212         3.65058661    
   2.62112141         4.69361162    
   2.72049046         7.56192970    
   2.81985998         8.47457600    
   2.91922903         10.0391130    
   3.01859808         25.8148632    
   3.11796761         9.77835751    
   3.21733665         8.47457600    
   3.31670594         4.30247736    
   3.41607523         2.73794007    
   3.51544428         1.95567143    
   3.61481380         1.56453717    
   3.71418285        0.912646651    
   3.81355190        0.260756195    
   3.91292143        0.130378097    
