400
1199 2 166 167 4
1219 2 192 193 4
1233 2 180 181 4
1241 2 161 162 4
1256 2 228 229 2
1371 2 211 212 2
1372 2 83 84 1
1373 2 72 71 1
1380 2 56 57 1
1382 2 40 39 1
1389 2 51 52 1
1390 2 49 50 1
1391 2 16 15 1
1395 2 98 99 1
1396 2 65 66 1
1397 2 60 61 1
1405 2 102 103 1
1406 2 88 89 1
1407 2 80 79 1
1409 2 9 10 1
1762 2 232 233 2
1771 2 232 231 2
1961 2 201 202 4
2427 2 114 115 4
2624 2 112 113 4
2637 2 213 214 2
2685 2 312 313 3
2786 2 123 124 4
2815 2 64 65 1
3004 2 212 213 2
3005 2 227 228 2
3006 2 230 231 2
3007 2 249 250 2
3016 2 214 215 2
3028 2 286 287 2
3041 2 202 203 4
3042 2 210 211 2
3130 2 281 282 2
3131 2 320 321 3
3132 2 377 378 3
3618 2 59 60 1
3710 2 240 239 2
3742 2 260 261 2
3812 2 115 116 4
3813 2 150 151 4
3814 2 200 201 4
4002 2 241 242 2
4065 2 50 51 1
4066 2 78 79 1
4092 2 243 244 2
4093 2 297 298 2
4203 2 112 111 4
4204 2 272 273 2
4205 2 376 375 3
4278 2 88 87 1
4279 2 97 98 1
4280 2 128 129 4
4281 2 173 174 4
4282 2 185 186 4
4283 2 203 204 4
4356 2 384 385 3
4408 2 16 17 1
4409 2 236 237 2
4550 2 269 270 2
4606 2 275 276 2
4607 2 284 285 2
4608 2 315 316 3
4609 2 337 338 3
4610 2 368 367 3
4995 2 321 322 3
5100 2 200 199 4
5408 2 48 49 1
5409 2 176 177 4
5513 2 152 151 4
5599 2 90 91 1
5600 2 221 222 2
5747 2 101 102 1
5822 2 147 148 4
5842 2 46 47 1
5843 2 153 154 4
5916 2 356 357 3
5941 2 298 299 2
5962 2 160 161 4
6135 2 146 147 4
6167 2 145 146 4
6182 2 245 246 2
6215 2 262 263 2
6260 2 140 141 4
6378 2 238 239 2
6408 2 285 286 2
6409 2 368 369 3
6410 2 369 370 3
6518 2 273 274 2
6579 2 91 92 1
6661 2 118 119 4
6662 2 246 247 2
6723 2 74 75 1
6724 2 148 149 4
6725 2 288 287 2
6771 2 188 189 4
6798 2 267 268 2
6816 2 261 262 2
6817 2 360 361 3
6842 2 172 173 4
6843 2 316 317 3
6898 2 385 386 3
6915 2 240 241 2
6916 2 370 371 3
6943 2 217 218 2
6985 2 338 339 3
7030 2 48 47 1
7045 2 276 277 2
7046 2 288 289 2
7047 2 293 294 2
7052 2 64 63 1
7058 2 248 247 2
7074 2 251 252 2
7090 2 250 251 2
7099 2 113 114 4
7104 2 219 220 2
7105 2 248 249 2
7107 2 154 155 4
7108 2 156 157 4
7109 2 171 172 4
7110 2 242 243 2
7115 2 152 153 4
7116 2 355 356 3
7133 2 244 245 2
7142 2 237 238 2
7156 2 256 257 2
7208 2 160 159 4
7231 2 264 263 2
7234 2 220 221 2
7243 2 120 119 4
7253 2 198 199 4
7285 2 155 156 4
7320 2 131 132 4
7343 2 149 150 4
7391 2 128 127 4
7392 2 184 185 4
7404 2 68 69 1
7414 2 268 269 2
7415 2 371 372 3
7424 2 126 127 4
7444 2 376 377 3
7452 2 277 278 2
7467 2 274 275 2
7472 2 125 126 4
7507 2 117 118 4
7510 2 28 29 1
7689 2 224 225 2
7723 2 24 23 1
7747 2 229 230 2
7800 2 124 125 4
7879 2 216 217 2
7925 2 184 183 4
7926 2 216 215 2
7933 2 395 396 3
7946 2 218 219 2
7953 2 289 290 2
7954 2 294 295 2
8050 2 19 20 1
8090 2 136 135 4
8102 2 394 395 3
8148 2 116 117 4
8155 2 209 210 2
8313 2 104 105 1
8388 2 302 303 2
8390 2 296 295 2
8431 2 110 111 4
8636 2 304 303 2
8656 2 105 106 1
8657 2 109 110 4
8658 2 204 205 4
8696 2 197 198 4
8712 2 296 297 2
10146 2 70 71 1
10147 2 82 83 1
10161 2 80 81 1
10162 2 89 90 1
10163 2 104 103 1
10164 2 69 70 1
10165 2 81 82 1
10167 2 301 302 2
10174 2 24 25 1
10183 2 401 402 3
10184 2 392 391 3
10185 2 345 346 3
10186 2 344 343 3
10187 2 396 397 3
10189 2 398 399 3
10191 2 341 342 3
10193 2 389 390 3
10200 2 386 387 3
10202 2 339 340 3
10204 2 334 335 3
10205 2 381 382 3
10208 2 331 332 3
10210 2 378 379 3
10214 2 328 329 3
10216 2 325 326 3
10218 2 322 323 3
10220 2 372 373 3
10221 2 317 318 3
10226 2 313 314 3
10230 2 312 311 3
10233 2 364 365 3
10234 2 308 309 3
10235 2 361 362 3
10237 2 360 359 3
10238 2 354 355 3
10244 2 282 283 2
10247 2 252 253 2
10254 2 265 266 2
10257 2 25 26 1
10260 2 291 292 2
10261 2 121 122 4
10269 2 257 258 2
10270 2 189 190 4
10271 2 224 223 2
10276 2 92 93 1
10313 2 258 259 2
10325 2 400 401 3
10327 2 393 394 3
10328 2 347 348 3
10332 2 346 347 3
10333 2 392 393 3
10335 2 344 345 3
10336 2 397 398 3
10337 2 400 399 3
10340 2 342 343 3
10342 2 390 391 3
10345 2 387 388 3
10346 2 388 389 3
10348 2 340 341 3
10350 2 336 337 3
10351 2 336 335 3
10352 2 384 383 3
10353 2 382 383 3
10359 2 333 334 3
10360 2 380 381 3
10361 2 379 380 3
10363 2 332 333 3
10366 2 330 331 3
10367 2 329 330 3
10369 2 326 327 3
10370 2 328 327 3
10371 2 374 375 3
10372 2 324 325 3
10373 2 323 324 3
10374 2 373 374 3
10376 2 320 319 3
10378 2 318 319 3
10383 2 314 315 3
10388 2 309 310 3
10389 2 366 367 3
10390 2 310 311 3
10392 2 365 366 3
10394 2 363 364 3
10395 2 362 363 3
10398 2 358 359 3
10399 2 357 358 3
10403 2 353 354 3
10404 2 352 353 3
10408 2 26 27 1
10411 2 280 279 2
10412 2 133 134 4
10425 2 234 235 2
10426 2 178 179 4
10438 2 96 95 1
10440 2 36 37 1
10442 2 208 209 2
10446 2 253 254 2
10462 2 165 166 4
10472 2 139 140 4
10478 2 264 265 2
10480 2 192 191 4
10503 2 299 300 2
10508 2 11 12 1
10518 2 254 255 2
10519 2 158 159 4
10520 2 187 188 4
10521 2 225 226 2
10525 2 270 271 2
10526 2 142 143 4
10539 2 196 197 4
10544 2 176 175 4
10545 2 290 291 2
10546 2 122 123 4
10547 2 130 131 4
10553 2 163 164 4
10554 2 182 183 4
10556 2 137 138 4
10583 2 194 195 4
10663 2 29 30 1
10698 2 96 97 1
10703 2 170 171 4
10708 2 144 145 4
10710 2 305 4 2
10710 2 306 4 3
10711 2 2 107 1
10711 2 2 207 2
10712 2 3 404 3
10712 2 3 108 4
10723 2 93 94 1
10724 2 32 31 1
10728 2 402 403 3
10729 2 307 308 3
10730 2 57 58 1
10731 2 61 62 1
10733 2 66 67 1
10734 2 52 53 1
10735 2 54 55 1
10737 2 72 73 1
10738 2 75 76 1
10742 2 20 21 1
10744 2 84 85 1
10745 2 43 44 1
10746 2 40 41 1
10747 2 37 38 1
10748 2 14 15 1
10749 2 18 19 1
10750 2 99 100 1
10751 2 33 34 1
10778 2 177 178 4
10779 2 235 236 2
10826 2 132 133 4
10827 2 280 281 2
10834 2 205 206 4
10852 2 350 351 3
10854 2 349 350 3
10864 2 27 28 1
10872 2 278 279 2
10873 2 134 135 4
10899 2 168 169 4
10904 2 233 234 2
10905 2 179 180 4
10919 2 94 95 1
10929 2 292 293 2
10930 2 120 121 4
10946 2 266 267 2
10953 2 164 165 4
10957 2 10 11 1
10968 2 138 139 4
10978 2 259 260 2
10979 2 190 191 4
10980 2 222 223 2
10995 2 168 167 4
11004 2 300 301 2
11013 2 256 255 2
11014 2 157 158 4
11015 2 186 187 4
11016 2 226 227 2
11030 2 272 271 2
11031 2 141 142 4
11041 2 195 196 4
11047 2 174 175 4
11049 2 283 284 2
11050 2 129 130 4
11056 2 162 163 4
11057 2 181 182 4
11058 2 136 137 4
11085 2 193 194 4
11157 2 208 207 2
11158 2 306 307 3
11159 2 403 404 3
11169 2 30 31 1
11200 2 169 170 4
11210 2 144 143 4
11214 2 108 109 4
11215 2 106 107 1
11216 2 304 305 2
11226 2 32 33 1
11230 2 352 351 3
11236 2 348 349 3
11433 2 1 9 1
11433 2 1 206 4
11436 2 34 35 1
11438 2 100 101 1
11441 2 12 13 1
11442 2 17 18 1
11445 2 45 46 1
11446 2 42 43 1
11447 2 41 42 1
11448 2 35 36 1
11449 2 44 45 1
11450 2 86 87 1
11451 2 85 86 1
11452 2 38 39 1
11453 2 22 23 1
11454 2 13 14 1
11455 2 21 22 1
11456 2 77 78 1
11457 2 76 77 1
11459 2 73 74 1
11460 2 56 55 1
11461 2 53 54 1
11462 2 67 68 1
11467 2 62 63 1
11468 2 58 59 1
