        2245
         860           1
         865           2
         867           2
         869           1
         870           2
         873           2
         874           1
         875           1
         876           1
         880           2
         881           2
         884           1
         885           2
         886           1
         887           1
         890           1
         892           1
         896           1
         899           2
         901           2
         902           1
         904           1
         906           1
         910           2
         913           1
         921           1
         923           2
         930           2
         932           2
         933           1
         934           2
         937           1
         942           1
         945           2
         947           2
         948           2
         950           1
         951           2
         954           1
         957           1
         962           2
         964           2
         965           1
         966           1
         967           1
         970           2
         972           1
         973           1
         974           2
         975           1
         976           1
         978           3
         979           3
         980           1
         981           1
         983           2
         986           2
         988           3
         992           1
         993           2
         994           1
         997           1
        1003           2
        1010           1
        1015           1
        1019           2
        1023           1
        1025           2
        1037           1
        1038           2
        1039           2
        1047           1
        1048           2
        1054           2
        1055           2
        1058           1
        1060           1
        1070           3
        1078           2
        1087           1
        1088           2
        1096           1
        1097           1
        1099           2
        1100           1
        1103           2
        1104           2
        1106           2
        1111           1
        1112           1
        1115           2
        1116           1
        1117           2
        1118           1
        1122           1
        1127           2
        1128           1
        1136           1
        1140           1
        1141           1
        1142           1
        1150           1
        1155           1
        1159           2
        1160           2
        1161           2
        1163           1
        1165           1
        1166           1
        1176           2
        1177           1
        1179           2
        1184           1
        1187           1
        1189           2
        1191           2
        1193           2
        1195           1
        1209           1
        1212           2
        1216           1
        1218           1
        1223           2
        1224           2
        1225           2
        1231           2
        1235           2
        1243           1
        1244           1
        1247           1
        1248           2
        1253           2
        1255           2
        1256           2
        1259           2
        1265           2
        1266           2
        1267           1
        1268           1
        1270           1
        1274           1
        1278           2
        1280           2
        1285           1
        1291           2
        1295           2
        1305           2
        1308           2
        1309           1
        1315           2
        1316           1
        1318           2
        1319           2
        1320           2
        1327           2
        1328           1
        1333           2
        1338           2
        1339           1
        1340           2
        1342           1
        1348           1
        1351           2
        1352           2
        1357           2
        1359           1
        1362           1
        1364           1
        1366           1
        1368           1
        1369           1
        1372           2
        1375           3
        1377           1
        1379           2
        1380           1
        1381           1
        1384           1
        1388           1
        1389           2
        1390           2
        1391           1
        1393           1
        1407           1
        1411           2
        1413           2
        1417           1
        1421           1
        1423           1
        1431           1
        1432           3
        1435           2
        1439           2
        1441           1
        1446           1
        1449           3
        1451           2
        1464           3
        1465           1
        1478           3
        1480           2
        1509           1
        1518           2
        1520           2
        1526           3
        1529           3
        1554           2
        1555           1
        1565           2
        1567           2
        1569           1
        1581           2
        1583           2
        1593           2
        1617           2
        1619           2
        1656           2
        1667           2
        1673           1
        1684           2
        1688           2
        1695           2
        1705           1
        1715           2
        1720           2
        1731           2
        1738           2
        1748           3
        1749           2
        1751           2
        1773           2
        1797           2
        1804           2
        1806           2
        1813           1
        1823           1
        1826           1
        1830           3
        1832           1
        1867           1
        1870           2
        1882           1
        1974           2
        1978           1
        1981           2
        2009           1
        2033           2
        2048           2
        2073           1
        2080           2
        2093           2
        2126           1
        2173           1
        2184           1
        2190           2
        2196           1
        2215           2
        2224           2
        2238           2
        2244           1
        2311           1
        2360           1
        2363           1
        2373           1
        2378           1
        2446           1
        2465           1
        2469           1
        2472           1
        2492           1
        2541           1
        2563           1
        2576           1
        2580           1
        2701           2
        2791           1
        2792           1
        2844           1
        2845           2
        2888           1
        2939           1
        2965           2
        2969           1
        2982           2
        2990           2
        3001           2
        3246           1
        3359           1
        3439           1
        3464           1
        3468           1
        3546           2
        3581           1
        3612           1
        3633           2
        3648           1
        3653           1
        3660           1
        3680           1
        3686           1
        3690           1
        3695           1
        3700           2
        3706           1
        3710           1
        3717           1
        3732           1
        3771           1
        3778           1
        3819           2
        3832           1
        3843           1
        3846           1
        3863           1
        3877           1
        3917           1
        3942           2
        4018           1
        4039           1
        4072           1
        4087           2
        4102           1
        4105           2
        4110           1
        4111           1
        4112           2
        4115           2
        4116           1
        4117           2
        4120           1
        4121           2
        4122           1
        4128           1
        4131           1
        4132           2
        4134           2
        4135           1
        4137           1
        4142           2
        4143           1
        4153           1
        4157           1
        4168           1
        4169           2
        4173           2
        4178           1
        4199           1
        4200           1
        4201           1
        4206           1
        4210           1
        4214           2
        4215           2
        4216           1
        4230           2
        4234           1
        4235           1
        4240           1
        4241           2
        4264           2
        4265           1
        4266           1
        4267           2
        4269           2
        4270           1
        4271           1
        4272           2
        4273           1
        4274           1
        4275           1
        4276           2
        4277           2
        4278           2
        4279           2
        4282           1
        4283           1
        4284           2
        4288           2
        4291           2
        4292           1
        4293           2
        4303           1
        4304           2
        4305           1
        4306           2
        4307           1
        4312           2
        4313           1
        4314           1
        4343           1
        4358           1
        4359           1
        4416           1
        4458           2
        4489           1
        4510           2
        4527           1
        4600           2
        4612           2
        4631           2
        4643           2
        4647           2
        4652           1
        4653           1
        4662           1
        4666           1
        4667           1
        4668           2
        4674           1
        4687           2
        4707           1
        4722           2
        4723           1
        4727           2
        4728           2
        4733           1
        4738           1
        4739           2
        4743           1
        4747           1
        4748           2
        4750           2
        4754           2
        4755           1
        4756           1
        4757           1
        4758           2
        4759           2
        4761           2
        4762           2
        4764           1
        4765           2
        4766           1
        4767           2
        4768           1
        4769           2
        4770           2
        4773           1
        4774           2
        4779           1
        4782           1
        4784           2
        4801           2
        4811           2
        4823           2
        4846           1
        4857           2
        4859           2
        4860           2
        4876           1
        4880           1
        4911           2
        4928           2
        4949           1
        4952           2
        4969           1
        4973           2
        4975           2
        4984           1
        5008           2
        5018           2
        5020           1
        5026           2
        5029           1
        5037           2
        5039           1
        5052           2
        5076           1
        5078           1
        5089           1
        5111           2
        5149           2
        5150           1
        5152           2
        5165           1
        5174           2
        5185           2
        5186           2
        5190           1
        5201           2
        5204           2
        5210           2
        5219           1
        5237           2
        5239           1
        5248           1
        5269           2
        5273           1
        5276           2
        5281           1
        5284           2
        5286           2
        5294           2
        5296           1
        5299           2
        5307           3
        5316           1
        5317           2
        5318           1
        5319           2
        5334           2
        5340           2
        5342           1
        5353           1
        5376           1
        5419           2
        5430           2
        5441           2
        5446           2
        5447           2
        5456           1
        5457           1
        5466           2
        5467           2
        5477           1
        5482           2
        5483           2
        5484           1
        5485           2
        5486           1
        5487           1
        5488           2
        5492           2
        5494           2
        5495           2
        5499           1
        5505           1
        5507           2
        5516           2
        5518           1
        5519           2
        5520           1
        5525           1
        5526           2
        5527           2
        5530           2
        5531           2
        5533           2
        5536           2
        5538           1
        5539           1
        5542           2
        5544           1
        5545           1
        5546           2
        5547           1
        5548           2
        5551           2
        5552           1
        5553           2
        5561           2
        5562           1
        5564           1
        5565           3
        5566           2
        5567           1
        5569           2
        5570           1
        5571           2
        5577           2
        5578           2
        5579           1
        5583           1
        5584           1
        5585           2
        5586           1
        5587           2
        5588           2
        5589           1
        5591           2
        5592           1
        5593           2
        5594           2
        5595           1
        5596           1
        5597           2
        5598           2
        5599           2
        5600           1
        5601           1
        5602           2
        5603           2
        5604           2
        5605           2
        5606           1
        5607           1
        5608           2
        5609           2
        5610           1
        5611           1
        5612           2
        5613           1
        5614           1
        5615           3
        5616           3
        5617           3
        5618           3
        5619           3
        5620           3
        5621           3
        5627           3
        5634           1
        5636           1
        5670           1
        5676           1
        5697           2
        5706           2
        5712           1
        5722           2
        5738           1
        5741           2
        5746           1
        5751           2
        5754           1
        5761           1
        5766           1
        5770           2
        5771           3
        5775           2
        5779           2
        5782           2
        5794           2
        5802           1
        5806           2
        5808           2
        5817           2
        5821           1
        5823           2
        5828           1
        5830           1
        5845           3
        5852           3
        5859           3
        5861           1
        5864           3
        5875           3
        5880           3
        5883           2
        5885           3
        5897           1
        5899           1
        5901           1
        5910           1
        5913           3
        5916           1
        5935           1
        5938           2
        5949           3
        5961           2
        5962           2
        5966           3
        5970           1
        5973           1
        5974           1
        5975           3
        5976           2
        5980           2
        5982           2
        5986           1
        5998           3
        6004           1
        6018           2
        6021           2
        6029           2
        6039           2
        6045           3
        6048           2
        6049           1
        6053           1
        6059           2
        6060           1
        6067           2
        6069           2
        6075           3
        6080           2
        6081           1
        6083           3
        6092           2
        6094           1
        6097           2
        6107           1
        6114           2
        6123           2
        6129           2
        6133           1
        6138           2
        6143           1
        6149           1
        6155           1
        6156           2
        6162           2
        6167           2
        6176           1
        6181           3
        6183           1
        6189           2
        6190           1
        6201           1
        6204           1
        6209           1
        6211           1
        6213           1
        6218           2
        6221           2
        6226           1
        6238           2
        6262           1
        6264           1
        6267           1
        6269           2
        6285           1
        6290           1
        6292           2
        6293           2
        6295           2
        6296           1
        6297           1
        6300           1
        6314           2
        6324           1
        6326           2
        6328           1
        6331           2
        6335           1
        6337           2
        6341           2
        6359           2
        6360           1
        6362           1
        6364           1
        6379           1
        6380           2
        6403           1
        6406           2
        6411           2
        6414           1
        6416           2
        6421           1
        6436           1
        6437           2
        6446           1
        6450           2
        6457           1
        6458           3
        6463           2
        6465           1
        6469           2
        6472           1
        6473           1
        6479           2
        6505           1
        6511           1
        6512           2
        6520           1
        6529           3
        6533           2
        6537           2
        6542           1
        6545           1
        6552           1
        6556           1
        6559           1
        6572           3
        6576           1
        6578           2
        6584           1
        6592           2
        6594           1
        6600           2
        6611           2
        6614           1
        6628           1
        6631           1
        6648           2
        6652           1
        6657           2
        6659           2
        6663           2
        6669           1
        6676           1
        6698           2
        6705           1
        6725           1
        6733           2
        6734           2
        6737           2
        6749           2
        6764           2
        6773           2
        6776           1
        6780           1
        6782           1
        6785           2
        6793           1
        6798           2
        6811           1
        6815           1
        6823           1
        6824           2
        6831           2
        6833           2
        6846           2
        6850           2
        6865           1
        6878           2
        6879           2
        6889           1
        6899           1
        6901           2
        6903           1
        6910           2
        6915           1
        6917           2
        6926           2
        6937           2
        6939           1
        6940           1
        6942           1
        6953           1
        6957           1
        6961           1
        6962           1
        6970           2
        6974           2
        6979           1
        6984           2
        6987           2
        6996           1
        6997           2
        7008           1
        7009           2
        7025           1
        7034           2
        7037           2
        7040           1
        7044           1
        7046           1
        7049           1
        7058           2
        7062           2
        7082           1
        7090           2
        7115           1
        7132           1
        7133           2
        7140           2
        7162           1
        7171           1
        7174           1
        7182           2
        7189           2
        7191           2
        7195           1
        7207           2
        7214           1
        7251           2
        7266           2
        7269           2
        7276           1
        7290           2
        7291           1
        7301           1
        7305           2
        7318           2
        7322           1
        7323           2
        7330           2
        7333           2
        7335           1
        7353           2
        7354           1
        7358           1
        7359           2
        7376           2
        7377           2
        7387           2
        7411           2
        7417           1
        7440           2
        7444           1
        7445           1
        7448           2
        7457           1
        7483           1
        7506           2
        7526           1
        7538           2
        7560           2
        7561           2
        7564           2
        7572           2
        7591           2
        7594           2
        7614           1
        7620           2
        7674           1
        7684           1
        7689           2
        7691           2
        7705           2
        7718           1
        7789           2
        7801           2
        7821           2
        7827           2
        7831           2
        7838           1
        7850           1
        7860           1
        7876           1
        7879           2
        7909           2
        7958           1
        7963           2
        7996           2
        8003           1
        8035           2
        8059           1
        8061           1
        8085           2
        8088           2
        8092           2
        8098           2
        8100           2
        8106           2
        8115           1
        8116           2
        8119           1
        8121           1
        8126           1
        8127           1
        8128           1
        8130           2
        8154           2
        8166           1
        8177           1
        8182           2
        8194           2
        8198           2
        8200           2
        8203           2
        8212           2
        8216           2
        8233           1
        8243           2
        8249           2
        8251           1
        8256           2
        8261           2
        8266           1
        8267           2
        8296           2
        8299           2
        8300           2
        8301           2
        8302           1
        8313           1
        8317           1
        8324           1
        8329           2
        8346           2
        8362           2
        8363           1
        8369           1
        8377           1
        8384           2
        8385           1
        8394           2
        8399           2
        8406           1
        8407           1
        8421           1
        8422           2
        8426           2
        8429           1
        8431           2
        8460           1
        8467           1
        8471           1
        8474           1
        8481           1
        8492           2
        8493           2
        8501           1
        8503           1
        8517           2
        8523           2
        8534           2
        8544           2
        8545           1
        8553           1
        8555           2
        8559           1
        8561           2
        8570           1
        8588           2
        8589           2
        8601           1
        8603           2
        8641           2
        8642           2
        8657           1
        8661           1
        8674           2
        8686           1
        8698           2
        8713           1
        8719           2
        8722           1
        8727           2
        8730           1
        8736           1
        8740           1
        8741           1
        8751           2
        8758           2
        8769           2
        8798           2
        8805           1
        8818           1
        8848           1
        8859           1
        8866           1
        8867           1
        8873           2
        8876           1
        8877           1
        8882           2
        8905           1
        8927           2
        8928           2
        8952           2
        8954           1
        8964           2
        8977           1
        8985           1
        8987           2
        8991           1
        9010           1
        9021           2
        9052           1
        9058           2
        9067           2
        9091           2
        9095           2
        9125           1
        9132           1
        9142           2
        9145           2
        9150           1
        9153           2
        9166           1
        9169           2
        9187           1
        9215           1
        9219           1
        9236           1
        9241           2
        9248           1
        9252           1
        9267           1
        9280           2
        9282           1
        9285           2
        9286           1
        9293           1
        9300           2
        9314           2
        9317           2
        9336           1
        9359           2
        9361           1
        9381           1
        9386           2
        9393           2
        9395           1
        9398           2
        9399           1
        9410           1
        9423           1
        9425           1
        9439           1
        9440           1
        9442           1
        9451           2
        9454           2
        9458           1
        9469           1
        9474           2
        9479           1
        9485           1
        9491           2
        9493           2
        9508           2
        9520           1
        9527           1
        9529           2
        9537           2
        9540           2
        9541           1
        9547           1
        9549           1
        9568           1
        9570           2
        9576           1
        9633           2
        9634           2
        9665           2
        9671           2
        9673           1
        9676           2
        9683           1
        9685           1
        9705           1
        9708           1
        9710           1
        9712           1
        9726           1
        9742           2
        9753           1
        9760           2
        9770           1
        9780           1
        9783           1
        9785           1
        9788           1
        9791           1
        9794           1
        9808           1
        9814           2
        9818           2
        9820           1
        9830           1
        9845           1
        9856           1
        9862           1
        9863           2
        9892           2
        9895           1
        9913           1
        9917           1
        9931           1
        9936           1
        9937           1
        9947           1
        9957           1
        9958           2
        9967           1
        9975           2
        9977           2
        9978           2
        9983           1
        9988           1
        9990           1
        9995           1
       10006           1
       10013           1
       10020           1
       10029           2
       10032           1
       10033           1
       10044           1
       10053           2
       10066           2
       10072           2
       10078           1
       10094           2
       10098           1
       10107           2
       10108           2
       10121           1
       10130           2
       10140           2
       10141           2
       10153           1
       10170           1
       10174           2
       10202           2
       10209           1
       10216           2
       10226           2
       10237           1
       10276           1
       10281           2
       10283           1
       10314           1
       10321           2
       10331           1
       10332           1
       10360           1
       10366           2
       10380           1
       10384           2
       10398           2
       10420           1
       10442           2
       10464           2
       10465           2
       10476           2
       10492           1
       10501           1
       10503           1
       10505           2
       10532           2
       10537           1
       10542           2
       10551           2
       10557           2
       10559           1
       10567           2
       10570           2
       10571           1
       10583           2
       10588           1
       10589           1
       10603           1
       10604           2
       10608           2
       10609           2
       10611           1
       10620           2
       10644           2
       10646           1
       10647           1
       10655           1
       10672           2
       10683           2
       10694           2
       10695           2
       10724           1
       10728           2
       10738           2
       10755           2
       10765           1
       10768           2
       10778           2
       10792           1
       10794           1
       10795           2
       10796           1
       10820           1
       10825           2
       10828           1
       10829           2
       10832           2
       10844           2
       10864           2
       10876           1
       10881           2
       10897           1
       10917           1
       10918           1
       10951           2
       10953           1
       10970           2
       10985           1
       10990           2
       10999           1
       11020           1
       11031           2
       11046           2
       11070           1
       11099           1
       11111           2
       11123           1
       11125           1
       11127           2
       11155           2
       11209           2
       11210           2
       11231           2
       11246           2
       11307           2
       11315           1
       11322           1
       11361           2
       11410           1
       11437           1
       11441           1
       11444           1
       11467           1
       11471           2
       11509           1
       11533           2
       11575           1
       11581           1
       11586           2
       11606           1
       11612           2
       11635           2
       11656           2
       11680           2
       11692           1
       11712           1
       11718           3
       11725           2
       11729           1
       11739           1
       11746           2
       11751           2
       11769           2
       11783           2
       11810           2
       11819           2
       11825           2
       11846           2
       11851           2
       11859           1
       11875           1
       11881           1
       11882           1
       11883           2
       11901           2
       11904           2
       11905           2
       11910           1
       11912           2
       11917           1
       11918           1
       11930           2
       11944           2
       11960           2
       11976           2
       11979           2
       11982           1
       11984           2
       11986           1
       11992           2
       11997           1
       11998           1
       12001           1
       12006           2
       12016           1
       12019           1
       12021           1
       12024           2
       12046           1
       12047           2
       12057           1
       12059           2
       12071           2
       12080           1
       12082           2
       12083           2
       12093           2
       12096           1
       12110           2
       12115           2
       12123           2
       12125           1
       12131           2
       12137           2
       12152           1
       12153           2
       12154           2
       12156           1
       12162           2
       12165           1
       12167           1
       12168           1
       12172           2
       12174           2
       12175           2
       12177           2
       12179           2
       12184           2
       12187           1
       12193           1
       12199           2
       12209           1
       12211           1
       12216           2
       12217           1
       12226           1
       12230           1
       12234           3
       12236           2
       12249           2
       12252           2
       12257           1
       12258           2
       12264           1
       12267           1
       12269           2
       12273           1
       12279           2
       12280           2
       12282           2
       12288           2
       12291           1
       12292           1
       12305           2
       12314           2
       12318           1
       12319           1
       12320           1
       12322           1
       12324           2
       12325           1
       12333           1
       12336           2
       12340           2
       12341           2
       12343           2
       12353           2
       12356           2
       12358           1
       12360           1
       12362           2
       12365           3
       12369           2
       12371           2
       12372           2
       12373           1
       12378           1
       12382           2
       12388           1
       12392           1
       12402           1
       12407           3
       12409           2
       12416           1
       12424           2
       12433           2
       12436           2
       12438           2
       12443           1
       12447           2
       12450           2
       12459           2
       12463           1
       12464           2
       12466           2
       12470           2
       12471           1
       12477           2
       12478           2
       12480           2
       12483           1
       12486           2
       12487           1
       12489           1
       12492           2
       12493           1
       12495           1
       12496           1
       12498           2
       12504           2
       12506           2
       12507           1
       12511           1
       12512           2
       12514           1
       12515           1
       12528           1
       12533           1
       12543           1
       12545           1
       12548           1
       12550           2
       12553           2
       12555           1
       12556           2
       12558           1
       12559           1
       12563           1
       12564           2
       12567           3
       12568           1
       12570           1
       12572           2
       12573           1
       12574           1
       12575           1
       12583           2
       12585           2
       12586           1
       12589           2
       12590           2
       12592           1
       12593           2
       12599           1
       12602           2
       12612           1
       12615           1
       12616           2
       12617           2
       12618           2
       12619           1
       12623           1
       12625           1
       12626           1
       12631           1
       12638           2
       12641           2
       12643           1
       12644           1
       12651           1
       12652           1
       12655           2
       12656           2
       12657           1
       12667           2
       12670           2
       12672           2
       12673           2
       12677           3
       12679           2
       12682           2
       12683           1
       12684           2
       12685           2
       12688           2
       12689           1
       12690           3
       12695           1
       12700           2
       12702           1
       12703           1
       12704           2
       12706           1
       12707           1
       12709           2
       12710           2
       12711           2
       12716           2
       12719           1
       12720           1
       12721           1
       12723           1
       12724           2
       12726           2
       12727           2
       12728           1
       12731           2
       12734           1
       12735           3
       12736           1
       12737           2
       12738           2
       12739           1
       12744           1
       12748           2
       12752           2
       12753           2
       12754           2
       12755           1
       12759           2
       12761           1
       12764           1
       12766           1
       12767           2
       12768           1
       12769           1
       12772           2
       12777           3
       12778           2
       12779           2
       12782           1
       12783           2
       12785           1
       12787           2
       12790           1
       12793           1
       12794           1
       12795           1
       12799           2
       12801           1
       12804           1
       12806           1
       12810           2
       12811           1
       12817           2
       12818           1
       12821           1
       12823           1
       12824           1
       12825           1
       12826           2
       12838           1
       12842           1
       12844           2
       12845           2
       12846           2
       12847           2
       12849           1
       12850           2
       12853           2
       12859           2
       12860           1
       12861           1
       12863           3
       12864           3
       12866           2
       12868           2
       12869           2
       12870           3
       12872           3
       12873           2
       12875           2
       12877           1
       12882           2
       12883           1
       12886           1
       12888           1
       12889           1
       12892           2
       12893           2
       12895           1
       12897           2
       12898           2
       12899           1
       12901           1
       12903           1
       12905           2
       12909           1
       12911           1
       12913           2
       12916           2
       12918           2
       12921           1
       12922           1
       12924           2
       12926           3
       12927           1
       12929           1
       12930           2
       12931           1
       12932           1
       12934           2
       12936           1
       12937           1
       12938           2
       12939           2
       12941           2
       12942           2
       12943           1
       12946           2
       12948           2
       12949           2
       12951           1
       12953           1
       12955           2
       12956           2
       12959           1
       12960           1
       12961           1
       12963           2
       12967           2
       12969           2
       12970           2
       12973           2
       12976           2
       12977           1
       12979           2
       12980           1
       12983           2
       12984           2
       12985           2
       12986           2
       12988           2
       12990           1
       12991           2
       12992           1
       12994           2
       12995           1
       12997           1
       13000           2
       13001           3
       13002           3
       13003           2
       13007           2
       13008           1
       13009           1
       13010           3
       13013           2
       13014           2
       13015           1
       13017           2
       13018           2
       13020           2
       13021           2
       13022           2
       13026           2
       13027           2
       13029           1
       13032           1
       13036           1
       13038           2
       13040           1
       13041           2
       13043           2
       13045           2
       13050           2
       13052           1
       13053           3
       13056           2
       13058           1
       13062           2
       13065           1
       13066           1
       13070           2
       13071           2
       13072           2
       13073           2
       13074           2
       13075           1
       13078           2
       13079           2
       13080           2
       13082           2
       13084           1
       13085           2
       13087           2
       13088           1
       13089           1
       13090           2
       13091           2
       13092           1
       13095           1
       13096           3
       13097           2
       13098           2
       13099           1
       13100           1
       13101           1
       13103           2
       13104           2
       13107           2
       13108           1
       13110           2
       13111           2
       13120           1
       13123           2
       13124           1
       13125           1
       13128           1
       13133           2
       13134           3
       13136           2
       13142           1
       13147           1
       13150           2
       13157           2
       13158           2
       13159           1
       13163           2
       13166           1
       13167           1
       13171           2
       13172           2
       13173           1
       13178           2
       13181           2
       13191           2
       13194           2
       13202           2
       13205           2
       13206           1
       13207           1
       13208           2
       13213           1
       13214           3
       13217           2
       13219           2
       13220           2
       13224           1
       13227           2
       13228           1
       13230           1
       13235           2
       13237           2
       13238           1
       13239           2
       13242           2
       13244           1
       13247           1
       13248           2
       13252           2
       13253           2
       13254           1
       13255           1
       13256           2
       13260           2
       13261           2
       13263           2
       13265           1
       13268           3
       13269           1
       13270           2
       13271           2
       13272           1
       13273           3
       13274           2
       13277           2
       13279           2
       13280           1
       13284           1
       13286           1
       13287           2
       13288           2
       13290           1
       13291           1
       13292           1
       13293           2
       13297           2
       13298           2
       13299           2
       13301           2
       13302           2
       13303           2
       13304           1
       13305           1
       13307           1
       13308           1
       13312           2
       13317           1
       13320           2
       13321           2
       13322           2
       13323           1
       13325           2
       13327           1
       13328           1
       13330           1
       13333           1
       13334           2
       13335           3
       13338           1
       13339           1
       13343           2
       13344           2
       13345           2
       13347           2
       13349           1
       13350           2
       13351           2
       13353           2
       13358           2
       13359           1
       13360           1
       13365           1
       13368           1
       13369           1
       13372           1
       13374           2
       13375           2
       13378           2
       13379           3
       13382           2
       13383           2
       13391           2
       13392           1
       13393           1
       13395           2
       13396           1
       13398           1
       13400           2
       13403           2
       13405           2
       13408           2
       13409           1
       13411           3
       13413           1
       13416           1
       13419           2
       13420           1
       13421           1
       13422           2
       13424           2
       13426           2
       13427           2
       13429           1
       13430           1
       13436           1
       13437           2
       13439           2
       13441           1
       13442           1
       13443           1
       13444           2
       13445           2
       13446           2
       13447           1
       13448           1
       13449           2
       13450           1
       13452           2
       13455           1
       13468           1
       13469           1
       13471           2
       13472           2
       13478           2
       13481           1
       13484           1
       13486           2
       13487           1
       13489           2
       13491           1
       13493           1
       13494           1
       13498           1
       13500           2
       13503           2
       13505           2
       13509           1
       13512           1
       13517           1
       13522           2
       13523           1
       13526           1
       13530           1
       13533           2
       13534           2
       13535           1
       13537           1
       13539           1
       13540           1
       13542           1
       13547           2
       13549           3
       13553           2
       13554           1
       13555           1
       13559           1
       13560           2
       13561           1
       13570           1
       13572           2
       13574           2
       13577           2
       13580           3
       13581           2
       13583           1
       13585           1
       13586           2
       13590           2
       13591           2
       13592           2
       13596           1
       13597           2
       13598           1
       13599           1
       13600           1
       13601           1
       13603           2
       13605           2
       13607           1
       13608           1
       13609           2
       13610           3
       13612           1
       13613           1
       13614           2
       13616           2
       13617           1
       13618           1
       13619           2
       13621           1
       13623           2
       13626           1
       13628           1
       13631           2
       13633           2
       13634           2
       13636           2
       13637           1
       13638           1
       13640           1
       13642           2
       13644           1
       13645           1
       13648           2
       13650           2
       13652           1
       13655           1
       13656           3
       13657           1
       13661           2
       13663           1
       13665           2
       13669           2
       13671           1
       13672           1
       13673           2
       13675           3
       13677           1
       13679           2
       13680           2
       13681           2
       13682           1
       13686           2
       13687           1
       13689           2
       13690           2
       13692           1
       13693           2
       13695           1
       13696           1
       13699           2
       13703           1
       13704           1
       13705           1
       13706           2
       13708           1
       13709           2
       13711           2
       13712           3
       13713           2
       13714           1
       13715           2
       13716           1
       13717           2
       13719           2
       13723           2
       13724           1
       13725           1
       13727           2
       13729           2
       13730           1
       13731           1
       13732           2
       13733           3
       13735           1
       13736           2
       13737           1
       13738           2
       13739           1
       13741           2
       13743           2
       13748           2
       13749           1
       13750           3
       13752           2
       13754           1
       13755           2
       13756           1
       13757           2
       13759           1
       13760           3
       13761           2
       13762           3
       13763           2
       13765           2
       13766           1
       13767           1
       13768           2
       13770           1
       13771           2
       13772           1
       13773           2
       13774           1
       13776           2
       13777           2
       13778           1
       13779           2
       13780           2
       13781           2
       13782           2
       13784           2
       13785           2
       13786           1
       13788           1
       13789           1
       13790           3
       13791           1
       13793           2
       13794           1
       13795           2
       13797           1
       13798           1
       13799           1
       13800           2
       13803           1
       13804           2
       13807           1
       13809           2
       13810           1
       13811           3
       13813           2
       13815           3
       13816           1
       13818           2
       13820           3
       13821           2
       13822           2
       13823           1
       13824           2
       13825           1
       13828           1
       13829           3
       13830           2
       13831           1
       13832           1
       13833           1
       13835           1
       13836           3
       13838           2
       13840           1
       13841           3
       13842           3
       13843           2
       13844           2
       13845           1
       13846           1
       13847           2
       13848           2
       13850           1
       13852           1
       13853           2
       13854           1
       13857           2
       13858           1
       13860           1
       13861           1
       13862           1
       13863           2
       13866           2
       13868           2
       13869           2
       13871           1
       13872           1
       13873           2
       13874           2
       13875           3
       13877           2
       13878           1
       13879           1
       13881           1
       13882           2
       13883           1
       13885           2
       13886           2
       13891           1
       13892           1
       13894           2
       13895           1
       13897           1
       13902           2
       13903           2
       13905           2
       13907           1
       13912           3
       13914           3
       13915           1
       13918           1
       13920           1
       13927           2
       13928           2
       13929           2
       13930           2
       13931           1
       13933           2
       13937           2
       13939           2
       13942           1
       13943           2
       13944           2
       13947           2
       13949           2
       13951           2
       13952           3
       13954           1
       13956           1
       13957           2
       13958           2
       13960           2
       13962           1
       13963           1
       13965           1
       13967           1
       13972           1
       13975           2
       13978           1
       13980           1
       13988           1
       13989           1
       13991           2
       13993           2
       13994           1
       13995           1
       13996           1
       13998           2
       13999           2
       14000           3
       14001           2
       14002           1
       14003           1
       14007           2
       14008           2
       14009           1
       14010           1
       14011           2
       14012           1
       14013           3
       14014           3
       14015           2
       14016           2
       14019           1
       14022           1
       14023           1
       14024           2
       14025           2
       14026           2
       14027           2
       14028           1
       14032           1
       14034           1
       14035           1
       14037           3
       14038           1
       14039           2
       14040           3
       14042           2
       14043           2
       14045           3
       14046           1
       14047           2
       14050           2
       14051           3
       14052           1
       14054           2
       14055           1
       14056           2
       14057           1
       14058           2
       14060           1
       14063           1
       14064           1
       14068           1
       14069           2
       14070           1
       14072           2
       14073           1
       14078           2
       14079           2
       14080           1
       14082           2
       14083           2
       14084           2
       14087           1
       14088           2
       14091           2
       14092           3
