440
906 2 307 308 2
933 2 273 274 2
934 2 86 87 1
937 2 257 258 2
974 2 48 47 1
978 2 334 335 3
981 2 178 179 4
1048 2 382 383 3
1058 2 284 285 2
1087 2 179 180 4
1096 2 142 143 4
1184 2 248 247 2
1351 2 52 53 1
1432 2 225 226 2
1451 2 387 388 3
1567 2 37 38 1
1569 2 259 260 2
2009 2 244 245 2
2576 2 192 191 4
2844 2 189 190 4
2939 2 173 174 4
2969 2 291 292 2
2990 2 397 398 3
3439 2 280 279 2
3468 2 170 171 4
3648 2 200 199 4
4018 2 313 314 2
4105 2 384 385 3
4110 2 168 169 4
4111 2 277 278 2
4112 2 386 387 3
4115 2 54 55 1
4116 2 272 273 2
4117 2 381 382 3
4120 2 171 172 4
4121 2 389 390 3
4122 2 280 281 2
4128 2 160 161 4
4131 2 283 284 2
4132 2 392 393 3
4134 2 56 55 1
4135 2 161 162 4
4137 2 270 271 2
4142 2 395 396 3
4143 2 177 178 4
4157 2 266 267 2
4168 2 289 290 2
4169 2 398 399 3
4178 2 264 263 2
4199 2 292 293 2
4210 2 261 262 2
4214 2 43 44 1
4215 2 42 43 1
4216 2 260 261 2
4230 2 393 394 3
4234 2 296 295 2
4235 2 186 187 4
4240 2 258 259 2
4241 2 368 367 3
4264 2 80 79 1
4265 2 188 189 4
4266 2 297 298 2
4267 2 406 407 3
4269 2 36 37 1
4270 2 144 143 4
4271 2 147 148 4
4272 2 38 39 1
4273 2 252 253 2
4274 2 254 255 2
4275 2 256 257 2
4276 2 358 359 3
4277 2 361 362 3
4278 2 363 364 3
4279 2 365 366 3
4282 2 197 198 4
4283 2 306 307 2
4284 2 416 415 3
4288 2 400 399 3
4291 2 85 86 1
4292 2 304 303 2
4293 2 412 413 3
4303 2 288 287 2
4304 2 83 84 1
4305 2 192 193 4
4306 2 410 411 3
4307 2 301 302 2
4312 2 81 82 1
4313 2 190 191 4
4314 2 299 300 2
4358 2 293 294 2
4359 2 290 291 2
4489 2 250 251 2
4600 2 416 417 3
4612 2 356 357 3
4662 2 172 173 4
4666 2 168 167 4
4667 2 276 277 2
4668 2 385 386 3
4687 2 394 395 3
4707 2 288 289 2
4722 2 400 401 3
4727 2 41 42 1
4728 2 368 369 3
4733 2 162 163 4
4738 2 296 297 2
4739 2 405 406 3
4743 2 272 271 2
4747 2 187 188 4
4748 2 78 79 1
4750 2 366 367 3
4754 2 35 36 1
4755 2 146 147 4
4756 2 253 254 2
4757 2 256 255 2
4758 2 364 365 3
4759 2 362 363 3
4761 2 80 81 1
4764 2 302 303 2
4765 2 411 412 3
4766 2 193 194 4
4767 2 84 85 1
4768 2 298 299 2
4769 2 82 83 1
4770 2 53 54 1
4773 2 300 301 2
4774 2 409 410 3
4779 2 294 295 2
4782 2 262 263 2
4784 2 56 57 1
4801 2 396 397 3
4811 2 384 383 3
4823 2 44 45 1
4846 2 251 252 2
4859 2 355 356 3
4860 2 418 419 3
4876 2 310 311 2
4880 2 194 195 4
4911 2 32 33 1
4928 2 419 420 3
4975 2 357 358 3
5020 2 237 238 2
5029 2 198 199 4
5039 2 234 235 2
5052 2 417 418 3
5111 2 341 342 3
5150 2 136 135 4
5152 2 26 27 1
5165 2 136 137 4
5174 2 27 28 1
5210 2 432 433 3
5248 2 131 132 4
5276 2 349 350 3
5296 2 206 207 4
5299 2 390 391 3
5307 2 227 228 2
5317 2 97 98 1
5318 2 240 241 2
5334 2 429 430 3
5340 2 344 345 3
5419 2 16 17 1
5430 2 104 103 1
5441 2 98 99 1
5447 2 420 421 3
5456 2 312 311 2
5457 2 120 119 4
5482 2 25 26 1
5483 2 352 353 3
5484 2 243 244 2
5485 2 94 95 1
5486 2 312 313 2
5487 2 134 135 4
5488 2 421 422 3
5492 2 337 338 3
5494 2 348 349 3
5495 2 339 340 3
5499 2 130 131 4
5505 2 240 239 2
5507 2 392 391 3
5518 2 241 242 2
5519 2 350 351 3
5520 2 132 133 4
5525 2 314 315 2
5526 2 96 97 1
5527 2 424 423 3
5531 2 352 351 3
5533 2 422 423 3
5542 2 344 343 3
5544 2 242 243 2
5545 2 133 134 4
5547 2 208 207 4
5548 2 96 95 1
5551 2 102 103 1
5552 2 228 229 2
5553 2 430 431 3
5561 2 347 348 3
5562 2 129 130 4
5564 2 118 119 4
5565 2 336 337 3
5566 2 345 346 3
5567 2 236 237 2
5569 2 18 19 1
5570 2 128 127 4
5571 2 346 347 3
5577 2 19 20 1
5578 2 99 100 1
5579 2 208 209 4
5583 2 320 319 2
5584 2 210 211 4
5585 2 428 429 3
5586 2 318 319 2
5587 2 427 428 3
5588 2 100 101 1
5589 2 209 210 4
5591 2 340 341 3
5592 2 232 231 2
5593 2 16 15 1
5594 2 104 105 1
5595 2 213 214 4
5596 2 230 231 2
5597 2 13 14 1
5598 2 105 106 1
5599 2 106 107 1
5600 2 214 215 4
5601 2 216 215 4
5602 2 433 434 3
5603 2 14 15 1
5604 2 12 13 1
5605 2 107 108 1
5606 2 325 326 2
5607 2 216 217 4
5608 2 434 435 3
5609 2 338 339 3
5610 2 229 230 2
5611 2 121 122 4
5612 2 11 12 1
5613 2 120 121 4
5614 2 217 218 4
5615 2 226 227 2
5616 2 336 335 3
5617 2 329 330 2
5618 2 117 118 4
5619 2 220 221 4
5620 2 221 222 4
5621 2 116 117 4
5676 2 235 236 2
5706 2 432 431 3
5712 2 169 170 4
5722 2 342 343 3
5746 2 128 129 4
5751 2 101 102 1
5754 2 278 279 2
5761 2 238 239 2
5775 2 17 18 1
10603 2 315 316 2
10609 2 45 46 1
10768 2 61 62 1
10828 2 233 234 2
11210 2 46 47 1
11322 2 232 233 2
11410 2 157 158 4
11533 2 70 71 1
11718 2 8 9 1
11729 2 184 183 4
11846 2 360 359 3
11875 2 282 283 2
11905 2 425 426 3
11917 2 305 306 2
11918 2 285 286 2
12057 2 145 146 4
12080 2 324 325 2
12115 2 353 354 3
12153 2 65 66 1
12172 2 414 415 3
12187 2 219 220 4
12193 2 304 305 2
12216 2 376 377 3
12257 2 124 125 4
12264 2 249 250 2
12267 2 326 327 2
12269 2 66 67 1
12314 2 360 361 3
12324 2 57 58 1
12358 2 195 196 4
12360 2 281 282 2
12371 2 426 427 3
12392 2 286 287 2
12409 2 408 409 3
12416 2 156 157 4
12436 2 109 110 1
12459 2 424 425 3
12487 2 274 275 2
12507 2 154 155 4
12511 2 176 177 4
12528 2 144 145 4
12558 2 182 183 4
12559 2 323 324 2
12570 2 181 182 4
12589 2 59 60 1
12592 2 202 203 4
12599 2 317 318 2
12616 2 354 355 3
12618 2 89 90 1
12643 2 212 213 4
12677 2 330 331 2
12682 2 20 21 1
12716 2 413 414 3
12721 2 267 268 2
12728 2 218 219 4
12754 2 68 69 1
12755 2 139 140 4
12764 2 248 249 2
12766 2 152 151 4
12777 2 437 438 3
12778 2 436 437 3
12783 2 370 371 3
12787 2 376 375 3
12804 2 269 270 2
12821 2 158 159 4
12823 2 205 206 4
12824 2 149 150 4
12826 2 32 31 1
12863 2 8 7 1
12875 2 404 405 3
12882 2 49 50 1
12895 2 308 309 2
12927 2 265 266 2
12934 2 379 380 3
12942 2 58 59 1
12948 2 24 23 1
12951 2 184 185 4
12959 2 165 166 4
12973 2 34 35 1
12977 2 246 247 2
12986 2 72 71 1
12988 2 10 11 1
12995 2 201 202 4
12997 2 176 175 4
13001 2 4 332 2
13001 2 4 333 3
13002 2 1 6 1
13002 2 1 223 4
13003 2 22 23 1
13010 2 110 111 1
13014 2 62 63 1
13018 2 402 403 3
13029 2 322 323 2
13040 2 196 197 4
13053 2 438 439 3
13058 2 138 139 4
13072 2 40 41 1
13073 2 76 77 1
13074 2 372 373 3
13079 2 50 51 1
13080 2 91 92 1
13082 2 29 30 1
13084 2 122 123 4
13111 2 73 74 1
13134 2 441 3 3
13134 2 3 115 4
13136 2 408 407 3
13157 2 108 109 1
13159 2 125 126 4
13202 2 74 75 1
13206 2 275 276 2
13230 2 155 156 4
13239 2 67 68 1
13277 2 380 381 3
13284 2 150 151 4
13288 2 64 65 1
13290 2 180 181 4
13292 2 328 327 2
13317 2 203 204 4
13321 2 60 61 1
13327 2 316 317 2
13333 2 126 127 4
13347 2 88 89 1
13353 2 371 372 3
13368 2 211 212 4
13398 2 160 159 4
13400 2 21 22 1
13419 2 377 378 3
13430 2 163 164 4
13439 2 75 76 1
13449 2 374 375 3
13455 2 185 186 4
13478 2 93 94 1
13493 2 140 141 4
13503 2 69 70 1
13534 2 435 436 3
13547 2 369 370 3
13585 2 268 269 2
13607 2 164 165 4
13609 2 90 91 1
13610 2 224 225 2
13612 2 204 205 4
13618 2 148 149 4
13623 2 30 31 1
13656 2 328 329 2
13671 2 320 321 2
13679 2 88 87 1
13686 2 403 404 3
13689 2 48 49 1
13695 2 152 153 4
13703 2 309 310 2
13754 2 141 142 4
13755 2 378 379 3
13756 2 264 265 2
13760 2 331 332 2
13762 2 6 7 1
13768 2 24 25 1
13786 2 166 167 4
13804 2 33 34 1
13807 2 245 246 2
13820 2 9 10 1
13822 2 388 389 3
13824 2 72 73 1
13829 2 114 2 1
13829 2 224 2 2
13835 2 200 201 4
13836 2 115 116 4
13840 2 174 175 4
13841 2 333 334 3
13842 2 222 223 4
13857 2 64 63 1
13860 2 321 322 2
13875 2 440 439 3
13879 2 137 138 4
13883 2 153 154 4
13914 2 112 113 1
13927 2 51 52 1
13929 2 373 374 3
13933 2 92 93 1
13942 2 123 124 4
13944 2 28 29 1
13949 2 40 39 1
13960 2 77 78 1
13993 2 401 402 3
14000 2 112 111 1
14045 2 440 441 3
14092 2 113 114 1
