        2100
           1           3
           2           3
           3           3
           4           3
           5           3
           6           3
           7           3
           8           3
           9           3
          10           3
          11           3
          12           3
          13           3
          14           3
          15           3
          16           3
          17           3
          18           3
          19           3
          20           3
          21           3
          22           3
          23           3
          24           3
          25           3
          26           2
          27           2
          28           2
          29           2
          30           2
          31           2
          32           2
          33           2
          34           2
          35           2
          36           2
          37           2
          38           2
          39           2
          40           2
          41           2
          42           2
          43           2
          44           2
          45           2
          46           2
          47           2
          48           2
          49           2
          50           2
          51           2
          52           2
          53           2
          54           2
          55           2
          56           2
          57           2
          58           2
          59           2
          60           2
          61           2
          62           2
          63           2
          64           2
          65           2
          66           2
          67           2
          68           2
          69           2
          70           2
          71           2
          72           2
          73           2
          74           2
          75           2
          76           2
          77           2
          78           2
          79           2
          80           2
          81           2
          82           2
          83           2
          84           2
          85           2
          86           2
          87           2
          88           2
          89           2
          90           2
          91           2
          92           2
          93           2
          94           2
          95           2
          96           2
          97           2
          98           2
          99           2
         100           2
         101           2
         102           2
         103           2
         104           2
         105           2
         106           2
         107           2
         108           2
         109           2
         110           2
         111           2
         112           2
         113           2
         114           2
         115           2
         116           2
         117           2
         118           2
         119           2
         120           2
         121           2
         122           2
         123           2
         124           2
         125           2
         126           2
         127           2
         128           2
         129           2
         130           2
         131           2
         132           2
         133           2
         134           2
         135           2
         136           2
         137           2
         138           2
         139           2
         140           2
         141           2
         142           2
         143           2
         144           2
         145           2
         146           2
         147           2
         148           2
         149           2
         150           2
         151           2
         152           2
         153           2
         154           2
         155           2
         156           2
         157           2
         158           2
         159           2
         160           2
         161           2
         162           2
         163           2
         164           2
         165           2
         166           2
         167           2
         168           2
         169           2
         170           2
         171           2
         172           2
         173           2
         174           2
         175           2
         176           2
         177           2
         178           2
         179           2
         180           2
         181           2
         182           2
         183           2
         184           2
         185           2
         186           2
         187           2
         188           2
         189           2
         190           2
         191           2
         192           2
         193           2
         194           2
         195           2
         196           2
         197           2
         198           2
         199           2
         200           2
         201           2
         202           2
         203           2
         204           2
         205           2
         206           2
         207           2
         208           2
         209           2
         210           2
         211           2
         212           2
         213           2
         214           2
         215           2
         216           2
         217           2
         218           2
         219           2
         220           2
         221           2
         222           2
         223           2
         224           2
         225           2
         226           2
         227           2
         228           2
         229           2
         230           2
         231           2
         232           2
         233           2
         234           2
         235           2
         236           2
         237           2
         238           2
         239           2
         240           2
         241           2
         242           2
         243           2
         244           2
         245           2
         246           2
         247           2
         248           2
         249           2
         250           2
         251           2
         252           2
         253           2
         254           2
         255           2
         256           2
         257           2
         258           2
         259           2
         260           2
         261           2
         262           2
         263           2
         264           2
         265           2
         266           2
         267           2
         268           2
         269           2
         270           2
         271           2
         272           2
         273           2
         274           2
         275           2
         276           2
         277           2
         278           2
         279           2
         280           2
         281           2
         282           2
         283           2
         284           2
         285           2
         286           2
         287           2
         288           2
         289           2
         290           2
         291           2
         292           2
         293           2
         294           2
         295           2
         296           2
         297           2
         298           2
         299           2
         300           2
         301           2
         302           2
         303           2
         304           2
         305           2
         306           2
         307           2
         308           2
         309           2
         310           2
         311           2
         312           2
         313           2
         314           2
         315           2
         316           2
         317           2
         318           2
         319           2
         320           2
         321           2
         322           2
         323           2
         324           2
         325           2
         326           2
         327           2
         328           2
         329           2
         330           2
         331           2
         332           2
         333           2
         334           2
         335           2
         336           2
         337           2
         338           2
         339           2
         340           2
         341           2
         342           2
         343           2
         344           2
         345           2
         346           2
         347           2
         348           2
         349           2
         350           2
         351           2
         352           2
         353           2
         354           2
         355           2
         356           2
         357           2
         358           2
         359           2
         360           2
         361           2
         362           2
         363           2
         364           2
         365           2
         366           2
         367           2
         368           2
         369           2
         370           2
         371           2
         372           2
         373           2
         374           2
         375           2
         376           2
         377           2
         378           2
         379           2
         380           2
         381           2
         382           2
         383           2
         384           2
         385           2
         386           2
         387           2
         388           2
         389           2
         390           2
         391           2
         392           2
         393           2
         394           2
         395           2
         396           2
         397           2
         398           2
         399           2
         400           2
         401           2
         402           2
         403           2
         404           2
         405           2
         406           2
         407           2
         408           2
         409           2
         410           2
         411           2
         412           2
         413           2
         414           2
         415           2
         416           2
         417           2
         418           2
         419           2
         420           2
         421           2
         422           2
         423           2
         424           2
         425           2
         426           2
         427           2
         428           2
         429           2
         430           2
         431           2
         432           2
         433           2
         434           2
         435           2
         436           2
         437           2
         438           2
         439           2
         440           2
         441           2
         442           2
         443           2
         444           2
         445           2
         446           2
         447           2
         448           2
         449           2
         450           2
         451           2
         452           2
         453           2
         454           2
         455           2
         456           2
         457           2
         458           2
         459           2
         460           2
         461           2
         462           2
         463           2
         464           2
         465           2
         466           2
         467           2
         468           2
         469           2
         470           2
         471           2
         472           2
         473           2
         474           2
         475           2
         476           2
         477           2
         478           2
         479           2
         480           2
         481           2
         482           2
         483           2
         484           2
         485           2
         486           2
         487           2
         488           2
         489           2
         490           2
         491           2
         492           2
         493           2
         494           2
         495           2
         496           2
         497           2
         498           2
         499           2
         500           2
         501           2
         502           2
         503           2
         504           2
         505           2
         506           2
         507           2
         508           2
         509           2
         510           2
         511           2
         512           2
         513           2
         514           2
         515           2
         516           2
         517           2
         518           2
         519           2
         520           2
         521           2
         522           2
         523           2
         524           2
         525           2
         526           3
         527           3
         528           3
         529           3
         530           3
         531           3
         532           3
         533           3
         534           3
         535           3
         536           3
         537           3
         538           3
         539           3
         540           3
         541           3
         542           3
         543           3
         544           3
         545           3
         546           3
         547           3
         548           3
         549           3
         550           3
         551           1
         552           1
         553           1
         554           1
         555           1
         556           1
         557           1
         558           1
         559           1
         560           1
         561           1
         562           1
         563           1
         564           1
         565           1
         566           1
         567           1
         568           1
         569           1
         570           1
         571           1
         572           1
         573           1
         574           1
         575           1
         576           1
         577           1
         578           1
         579           1
         580           1
         581           1
         582           1
         583           1
         584           1
         585           1
         586           1
         587           1
         588           1
         589           1
         590           1
         591           1
         592           1
         593           1
         594           1
         595           1
         596           1
         597           1
         598           1
         599           1
         600           1
         601           1
         602           1
         603           1
         604           1
         605           1
         606           1
         607           1
         608           1
         609           1
         610           1
         611           1
         612           1
         613           1
         614           1
         615           1
         616           1
         617           1
         618           1
         619           1
         620           1
         621           1
         622           1
         623           1
         624           1
         625           1
         626           1
         627           1
         628           1
         629           1
         630           1
         631           1
         632           1
         633           1
         634           1
         635           1
         636           1
         637           1
         638           1
         639           1
         640           1
         641           1
         642           1
         643           1
         644           1
         645           1
         646           1
         647           1
         648           1
         649           1
         650           1
         651           1
         652           1
         653           1
         654           1
         655           1
         656           1
         657           1
         658           1
         659           1
         660           1
         661           1
         662           1
         663           1
         664           1
         665           1
         666           1
         667           1
         668           1
         669           1
         670           1
         671           1
         672           1
         673           1
         674           1
         675           1
         676           1
         677           1
         678           1
         679           1
         680           1
         681           1
         682           1
         683           1
         684           1
         685           1
         686           1
         687           1
         688           1
         689           1
         690           1
         691           1
         692           1
         693           1
         694           1
         695           1
         696           1
         697           1
         698           1
         699           1
         700           1
         701           1
         702           1
         703           1
         704           1
         705           1
         706           1
         707           1
         708           1
         709           1
         710           1
         711           1
         712           1
         713           1
         714           1
         715           1
         716           1
         717           1
         718           1
         719           1
         720           1
         721           1
         722           1
         723           1
         724           1
         725           1
        4226           1
        4227           1
        4228           1
        4229           1
        4230           1
        4231           1
        4232           1
        4233           1
        4234           1
        4235           1
        4236           1
        4237           1
        4238           1
        4239           1
        4240           1
        4241           1
        4242           1
        4243           1
        4244           1
        4245           1
        4246           1
        4247           1
        4248           1
        4249           1
        4250           1
        4251           1
        4252           1
        4253           1
        4254           1
        4255           1
        4256           1
        4257           1
        4258           1
        4259           1
        4260           1
        4261           1
        4262           1
        4263           1
        4264           1
        4265           1
        4266           1
        4267           1
        4268           1
        4269           1
        4270           1
        4271           1
        4272           1
        4273           1
        4274           1
        4275           1
        4276           1
        4277           1
        4278           1
        4279           1
        4280           1
        4281           1
        4282           1
        4283           1
        4284           1
        4285           1
        4286           1
        4287           1
        4288           1
        4289           1
        4290           1
        4291           1
        4292           1
        4293           1
        4294           1
        4295           1
        4296           1
        4297           1
        4298           1
        4299           1
        4300           1
        4301           1
        4302           1
        4303           1
        4304           1
        4305           1
        4306           1
        4307           1
        4308           1
        4309           1
        4310           1
        4311           1
        4312           1
        4313           1
        4314           1
        4315           1
        4316           1
        4317           1
        4318           1
        4319           1
        4320           1
        4321           1
        4322           1
        4323           1
        4324           1
        4325           1
        4326           1
        4327           1
        4328           1
        4329           1
        4330           1
        4331           1
        4332           1
        4333           1
        4334           1
        4335           1
        4336           1
        4337           1
        4338           1
        4339           1
        4340           1
        4341           1
        4342           1
        4343           1
        4344           1
        4345           1
        4346           1
        4347           1
        4348           1
        4349           1
        4350           1
        4351           1
        4352           1
        4353           1
        4354           1
        4355           1
        4356           1
        4357           1
        4358           1
        4359           1
        4360           1
        4361           1
        4362           1
        4363           1
        4364           1
        4365           1
        4366           1
        4367           1
        4368           1
        4369           1
        4370           1
        4371           1
        4372           1
        4373           1
        4374           1
        4375           1
        4376           1
        4377           1
        4378           1
        4379           1
        4380           1
        4381           1
        4382           1
        4383           1
        4384           1
        4385           1
        4386           1
        4387           1
        4388           1
        4389           1
        4390           1
        4391           1
        4392           1
        4393           1
        4394           1
        4395           1
        4396           1
        4397           1
        4398           1
        4399           1
        4400           1
        4401           1
        4402           1
        4403           1
        4404           1
        4405           1
        4406           1
        4407           1
        4408           1
        4409           1
        4410           1
        4411           1
        4412           1
        4413           1
        4414           1
        4415           1
        4416           1
        4417           1
        4418           1
        4419           1
        4420           1
        4421           1
        4422           1
        4423           1
        4424           1
        4425           1
        4426           1
        4427           1
        4428           1
        4429           1
        4430           1
        4431           1
        4432           1
        4433           1
        4434           1
        4435           1
        4436           1
        4437           1
        4438           1
        4439           1
        4440           1
        4441           1
        4442           1
        4443           1
        4444           1
        4445           1
        4446           1
        4447           1
        4448           1
        4449           1
        4450           1
        4451           1
        4452           1
        4453           1
        4454           1
        4455           1
        4456           1
        4457           1
        4458           1
        4459           1
        4460           1
        4461           1
        4462           1
        4463           1
        4464           1
        4465           1
        4466           1
        4467           1
        4468           1
        4469           1
        4470           1
        4471           1
        4472           1
        4473           1
        4474           1
        4475           1
        4476           1
        4477           1
        4478           1
        4479           1
        4480           1
        4481           1
        4482           1
        4483           1
        4484           1
        4485           1
        4486           1
        4487           1
        4488           1
        4489           1
        4490           1
        4491           1
        4492           1
        4493           1
        4494           1
        4495           1
        4496           1
        4497           1
        4498           1
        4499           1
        4500           1
        4501           1
        4502           1
        4503           1
        4504           1
        4505           1
        4506           1
        4507           1
        4508           1
        4509           1
        4510           1
        4511           1
        4512           1
        4513           1
        4514           1
        4515           1
        4516           1
        4517           1
        4518           1
        4519           1
        4520           1
        4521           1
        4522           1
        4523           1
        4524           1
        4525           1
        4526           1
        4527           1
        4528           1
        4529           1
        4530           1
        4531           1
        4532           1
        4533           1
        4534           1
        4535           1
        4536           1
        4537           1
        4538           1
        4539           1
        4540           1
        4541           1
        4542           1
        4543           1
        4544           1
        4545           1
        4546           1
        4547           1
        4548           1
        4549           1
        4550           1
        7551           1
        7552           1
        7553           1
        7554           1
        7555           1
        7556           1
        7557           1
        7558           1
        7559           1
        7560           1
        7561           1
        7562           1
        7563           1
        7564           1
        7565           1
        7566           1
        7567           1
        7568           1
        7569           1
        7570           1
        7571           1
        7572           1
        7573           1
        7574           1
        7575           1
        7576           1
        7577           1
        7578           1
        7579           1
        7580           1
        7581           1
        7582           1
        7583           1
        7584           1
        7585           1
        7586           1
        7587           1
        7588           1
        7589           1
        7590           1
        7591           1
        7592           1
        7593           1
        7594           1
        7595           1
        7596           1
        7597           1
        7598           1
        7599           1
        7600           1
        7601           1
        7602           1
        7603           1
        7604           1
        7605           1
        7606           1
        7607           1
        7608           1
        7609           1
        7610           1
        7611           1
        7612           1
        7613           1
        7614           1
        7615           1
        7616           1
        7617           1
        7618           1
        7619           1
        7620           1
        7621           1
        7622           1
        7623           1
        7624           1
        7625           1
        7626           1
        7627           1
        7628           1
        7629           1
        7630           1
        7631           1
        7632           1
        7633           1
        7634           1
        7635           1
        7636           1
        7637           1
        7638           1
        7639           1
        7640           1
        7641           1
        7642           1
        7643           1
        7644           1
        7645           1
        7646           1
        7647           1
        7648           1
        7649           1
        7650           1
        7651           1
        7652           1
        7653           1
        7654           1
        7655           1
        7656           1
        7657           1
        7658           1
        7659           1
        7660           1
        7661           1
        7662           1
        7663           1
        7664           1
        7665           1
        7666           1
        7667           1
        7668           1
        7669           1
        7670           1
        7671           1
        7672           1
        7673           1
        7674           1
        7675           1
        7676           1
        7677           1
        7678           1
        7679           1
        7680           1
        7681           1
        7682           1
        7683           1
        7684           1
        7685           1
        7686           1
        7687           1
        7688           1
        7689           1
        7690           1
        7691           1
        7692           1
        7693           1
        7694           1
        7695           1
        7696           1
        7697           1
        7698           1
        7699           1
        7700           1
        7701           1
        7702           1
        7703           1
        7704           1
        7705           1
        7706           1
        7707           1
        7708           1
        7709           1
        7710           1
        7711           1
        7712           1
        7713           1
        7714           1
        7715           1
        7716           1
        7717           1
        7718           1
        7719           1
        7720           1
        7721           1
        7722           1
        7723           1
        7724           1
        7725           1
        7726           1
        7727           1
        7728           1
        7729           1
        7730           1
        7731           1
        7732           1
        7733           1
        7734           1
        7735           1
        7736           1
        7737           1
        7738           1
        7739           1
        7740           1
        7741           1
        7742           1
        7743           1
        7744           1
        7745           1
        7746           1
        7747           1
        7748           1
        7749           1
        7750           1
        7751           1
        7752           1
        7753           1
        7754           1
        7755           1
        7756           1
        7757           1
        7758           1
        7759           1
        7760           1
        7761           1
        7762           1
        7763           1
        7764           1
        7765           1
        7766           1
        7767           1
        7768           1
        7769           1
        7770           1
        7771           1
        7772           1
        7773           1
        7774           1
        7775           1
        7776           1
        7777           1
        7778           1
        7779           1
        7780           1
        7781           1
        7782           1
        7783           1
        7784           1
        7785           1
        7786           1
        7787           1
        7788           1
        7789           1
        7790           1
        7791           1
        7792           1
        7793           1
        7794           1
        7795           1
        7796           1
        7797           1
        7798           1
        7799           1
        7800           1
        7801           1
        7802           1
        7803           1
        7804           1
        7805           1
        7806           1
        7807           1
        7808           1
        7809           1
        7810           1
        7811           1
        7812           1
        7813           1
        7814           1
        7815           1
        7816           1
        7817           1
        7818           1
        7819           1
        7820           1
        7821           1
        7822           1
        7823           1
        7824           1
        7825           1
        7826           1
        7827           1
        7828           1
        7829           1
        7830           1
        7831           1
        7832           1
        7833           1
        7834           1
        7835           1
        7836           1
        7837           1
        7838           1
        7839           1
        7840           1
        7841           1
        7842           1
        7843           1
        7844           1
        7845           1
        7846           1
        7847           1
        7848           1
        7849           1
        7850           1
        7851           1
        7852           1
        7853           1
        7854           1
        7855           1
        7856           1
        7857           1
        7858           1
        7859           1
        7860           1
        7861           1
        7862           1
        7863           1
        7864           1
        7865           1
        7866           1
        7867           1
        7868           1
        7869           1
        7870           1
        7871           1
        7872           1
        7873           1
        7874           1
        7875           1
       11376           1
       11377           1
       11378           1
       11379           1
       11380           1
       11381           1
       11382           1
       11383           1
       11384           1
       11385           1
       11386           1
       11387           1
       11388           1
       11389           1
       11390           1
       11391           1
       11392           1
       11393           1
       11394           1
       11395           1
       11396           1
       11397           1
       11398           1
       11399           1
       11400           1
       11401           1
       11402           1
       11403           1
       11404           1
       11405           1
       11406           1
       11407           1
       11408           1
       11409           1
       11410           1
       11411           1
       11412           1
       11413           1
       11414           1
       11415           1
       11416           1
       11417           1
       11418           1
       11419           1
       11420           1
       11421           1
       11422           1
       11423           1
       11424           1
       11425           1
       11426           1
       11427           1
       11428           1
       11429           1
       11430           1
       11431           1
       11432           1
       11433           1
       11434           1
       11435           1
       11436           1
       11437           1
       11438           1
       11439           1
       11440           1
       11441           1
       11442           1
       11443           1
       11444           1
       11445           1
       11446           1
       11447           1
       11448           1
       11449           1
       11450           1
       11451           1
       11452           1
       11453           1
       11454           1
       11455           1
       11456           1
       11457           1
       11458           1
       11459           1
       11460           1
       11461           1
       11462           1
       11463           1
       11464           1
       11465           1
       11466           1
       11467           1
       11468           1
       11469           1
       11470           1
       11471           1
       11472           1
       11473           1
       11474           1
       11475           1
       11476           1
       11477           1
       11478           1
       11479           1
       11480           1
       11481           1
       11482           1
       11483           1
       11484           1
       11485           1
       11486           1
       11487           1
       11488           1
       11489           1
       11490           1
       11491           1
       11492           1
       11493           1
       11494           1
       11495           1
       11496           1
       11497           1
       11498           1
       11499           1
       11500           1
       11501           1
       11502           1
       11503           1
       11504           1
       11505           1
       11506           1
       11507           1
       11508           1
       11509           1
       11510           1
       11511           1
       11512           1
       11513           1
       11514           1
       11515           1
       11516           1
       11517           1
       11518           1
       11519           1
       11520           1
       11521           1
       11522           1
       11523           1
       11524           1
       11525           1
       11526           1
       11527           1
       11528           1
       11529           1
       11530           1
       11531           1
       11532           1
       11533           1
       11534           1
       11535           1
       11536           1
       11537           1
       11538           1
       11539           1
       11540           1
       11541           1
       11542           1
       11543           1
       11544           1
       11545           1
       11546           1
       11547           1
       11548           1
       11549           1
       11550           1
       11551           3
       11552           3
       11553           3
       11554           3
       11555           3
       11556           3
       11557           3
       11558           3
       11559           3
       11560           3
       11561           3
       11562           3
       11563           3
       11564           3
       11565           3
       11566           3
       11567           3
       11568           3
       11569           3
       11570           3
       11571           3
       11572           3
       11573           3
       11574           3
       11575           3
       11576           2
       11577           2
       11578           2
       11579           2
       11580           2
       11581           2
       11582           2
       11583           2
       11584           2
       11585           2
       11586           2
       11587           2
       11588           2
       11589           2
       11590           2
       11591           2
       11592           2
       11593           2
       11594           2
       11595           2
       11596           2
       11597           2
       11598           2
       11599           2
       11600           2
       11601           2
       11602           2
       11603           2
       11604           2
       11605           2
       11606           2
       11607           2
       11608           2
       11609           2
       11610           2
       11611           2
       11612           2
       11613           2
       11614           2
       11615           2
       11616           2
       11617           2
       11618           2
       11619           2
       11620           2
       11621           2
       11622           2
       11623           2
       11624           2
       11625           2
       11626           2
       11627           2
       11628           2
       11629           2
       11630           2
       11631           2
       11632           2
       11633           2
       11634           2
       11635           2
       11636           2
       11637           2
       11638           2
       11639           2
       11640           2
       11641           2
       11642           2
       11643           2
       11644           2
       11645           2
       11646           2
       11647           2
       11648           2
       11649           2
       11650           2
       11651           2
       11652           2
       11653           2
       11654           2
       11655           2
       11656           2
       11657           2
       11658           2
       11659           2
       11660           2
       11661           2
       11662           2
       11663           2
       11664           2
       11665           2
       11666           2
       11667           2
       11668           2
       11669           2
       11670           2
       11671           2
       11672           2
       11673           2
       11674           2
       11675           2
       11676           2
       11677           2
       11678           2
       11679           2
       11680           2
       11681           2
       11682           2
       11683           2
       11684           2
       11685           2
       11686           2
       11687           2
       11688           2
       11689           2
       11690           2
       11691           2
       11692           2
       11693           2
       11694           2
       11695           2
       11696           2
       11697           2
       11698           2
       11699           2
       11700           2
       11701           2
       11702           2
       11703           2
       11704           2
       11705           2
       11706           2
       11707           2
       11708           2
       11709           2
       11710           2
       11711           2
       11712           2
       11713           2
       11714           2
       11715           2
       11716           2
       11717           2
       11718           2
       11719           2
       11720           2
       11721           2
       11722           2
       11723           2
       11724           2
       11725           2
       11726           2
       11727           2
       11728           2
       11729           2
       11730           2
       11731           2
       11732           2
       11733           2
       11734           2
       11735           2
       11736           2
       11737           2
       11738           2
       11739           2
       11740           2
       11741           2
       11742           2
       11743           2
       11744           2
       11745           2
       11746           2
       11747           2
       11748           2
       11749           2
       11750           2
       11751           2
       11752           2
       11753           2
       11754           2
       11755           2
       11756           2
       11757           2
       11758           2
       11759           2
       11760           2
       11761           2
       11762           2
       11763           2
       11764           2
       11765           2
       11766           2
       11767           2
       11768           2
       11769           2
       11770           2
       11771           2
       11772           2
       11773           2
       11774           2
       11775           2
       11776           2
       11777           2
       11778           2
       11779           2
       11780           2
       11781           2
       11782           2
       11783           2
       11784           2
       11785           2
       11786           2
       11787           2
       11788           2
       11789           2
       11790           2
       11791           2
       11792           2
       11793           2
       11794           2
       11795           2
       11796           2
       11797           2
       11798           2
       11799           2
       11800           2
       11801           2
       11802           2
       11803           2
       11804           2
       11805           2
       11806           2
       11807           2
       11808           2
       11809           2
       11810           2
       11811           2
       11812           2
       11813           2
       11814           2
       11815           2
       11816           2
       11817           2
       11818           2
       11819           2
       11820           2
       11821           2
       11822           2
       11823           2
       11824           2
       11825           2
       11826           2
       11827           2
       11828           2
       11829           2
       11830           2
       11831           2
       11832           2
       11833           2
       11834           2
       11835           2
       11836           2
       11837           2
       11838           2
       11839           2
       11840           2
       11841           2
       11842           2
       11843           2
       11844           2
       11845           2
       11846           2
       11847           2
       11848           2
       11849           2
       11850           2
       11851           2
       11852           2
       11853           2
       11854           2
       11855           2
       11856           2
       11857           2
       11858           2
       11859           2
       11860           2
       11861           2
       11862           2
       11863           2
       11864           2
       11865           2
       11866           2
       11867           2
       11868           2
       11869           2
       11870           2
       11871           2
       11872           2
       11873           2
       11874           2
       11875           2
       11876           2
       11877           2
       11878           2
       11879           2
       11880           2
       11881           2
       11882           2
       11883           2
       11884           2
       11885           2
       11886           2
       11887           2
       11888           2
       11889           2
       11890           2
       11891           2
       11892           2
       11893           2
       11894           2
       11895           2
       11896           2
       11897           2
       11898           2
       11899           2
       11900           2
       11901           2
       11902           2
       11903           2
       11904           2
       11905           2
       11906           2
       11907           2
       11908           2
       11909           2
       11910           2
       11911           2
       11912           2
       11913           2
       11914           2
       11915           2
       11916           2
       11917           2
       11918           2
       11919           2
       11920           2
       11921           2
       11922           2
       11923           2
       11924           2
       11925           2
       11926           2
       11927           2
       11928           2
       11929           2
       11930           2
       11931           2
       11932           2
       11933           2
       11934           2
       11935           2
       11936           2
       11937           2
       11938           2
       11939           2
       11940           2
       11941           2
       11942           2
       11943           2
       11944           2
       11945           2
       11946           2
       11947           2
       11948           2
       11949           2
       11950           2
       11951           2
       11952           2
       11953           2
       11954           2
       11955           2
       11956           2
       11957           2
       11958           2
       11959           2
       11960           2
       11961           2
       11962           2
       11963           2
       11964           2
       11965           2
       11966           2
       11967           2
       11968           2
       11969           2
       11970           2
       11971           2
       11972           2
       11973           2
       11974           2
       11975           2
       11976           2
       11977           2
       11978           2
       11979           2
       11980           2
       11981           2
       11982           2
       11983           2
       11984           2
       11985           2
       11986           2
       11987           2
       11988           2
       11989           2
       11990           2
       11991           2
       11992           2
       11993           2
       11994           2
       11995           2
       11996           2
       11997           2
       11998           2
       11999           2
       12000           2
       12001           2
       12002           2
       12003           2
       12004           2
       12005           2
       12006           2
       12007           2
       12008           2
       12009           2
       12010           2
       12011           2
       12012           2
       12013           2
       12014           2
       12015           2
       12016           2
       12017           2
       12018           2
       12019           2
       12020           2
       12021           2
       12022           2
       12023           2
       12024           2
       12025           2
       12026           2
       12027           2
       12028           2
       12029           2
       12030           2
       12031           2
       12032           2
       12033           2
       12034           2
       12035           2
       12036           2
       12037           2
       12038           2
       12039           2
       12040           2
       12041           2
       12042           2
       12043           2
       12044           2
       12045           2
       12046           2
       12047           2
       12048           2
       12049           2
       12050           2
       12051           2
       12052           2
       12053           2
       12054           2
       12055           2
       12056           2
       12057           2
       12058           2
       12059           2
       12060           2
       12061           2
       12062           2
       12063           2
       12064           2
       12065           2
       12066           2
       12067           2
       12068           2
       12069           2
       12070           2
       12071           2
       12072           2
       12073           2
       12074           2
       12075           2
       12076           3
       12077           3
       12078           3
       12079           3
       12080           3
       12081           3
       12082           3
       12083           3
       12084           3
       12085           3
       12086           3
       12087           3
       12088           3
       12089           3
       12090           3
       12091           3
       12092           3
       12093           3
       12094           3
       12095           3
       12096           3
       12097           3
       12098           3
       12099           3
       12100           3
