         440
           1  2          667           1  4
           2  2          668         667  4
           3  2          669         668  4
           4  2          670         669  4
           5  2            7         670  4
         551  2          671           7  4
         552  2          672         671  4
         553  2          673         672  4
         554  2          674         673  4
         555  2          675         674  4
         556  2          676         675  4
         557  2          677         676  4
         558  2          678         677  4
         559  2          679         678  4
         560  2          680         679  4
         561  2          681         680  4
         562  2          682         681  4
         563  2          683         682  4
         564  2          684         683  4
         565  2          685         684  4
         566  2          686         685  4
         567  2          687         686  4
         568  2          688         687  4
         569  2          689         688  4
         570  2          690         689  4
         571  2          691         690  4
         572  2          692         691  4
         573  2          693         692  4
         574  2          694         693  4
         575  2          695         694  4
         576  2          696         695  4
         577  2          697         696  4
         578  2          698         697  4
         579  2          699         698  4
         580  2          700         699  4
         581  2          701         700  4
         582  2          702         701  4
         583  2          703         702  4
         584  2          704         703  4
         585  2           13         704  4
        4401  2          705          13  4
        4402  2          706         705  4
        4403  2          707         706  4
        4404  2          708         707  4
        4405  2          709         708  4
        4406  2          710         709  4
        4407  2          711         710  4
        4408  2          712         711  4
        4409  2          713         712  4
        4410  2          714         713  4
        4411  2          715         714  4
        4412  2          716         715  4
        4413  2          717         716  4
        4414  2          718         717  4
        4415  2          719         718  4
        4416  2          720         719  4
        4417  2          721         720  4
        4418  2          722         721  4
        4419  2          723         722  4
        4420  2          724         723  4
        4421  2          725         724  4
        4422  2          726         725  4
        4423  2          727         726  4
        4424  2          728         727  4
        4425  2          729         728  4
        4426  2          730         729  4
        4427  2          731         730  4
        4428  2          732         731  4
        4429  2          733         732  4
        4430  2           19         733  4
        7701  2          734          19  4
        7702  2          735         734  4
        7703  2          736         735  4
        7704  2          737         736  4
        7705  2          738         737  4
        7706  2          739         738  4
        7707  2          740         739  4
        7708  2          741         740  4
        7709  2          742         741  4
        7710  2          743         742  4
        7711  2          744         743  4
        7712  2          745         744  4
        7713  2          746         745  4
        7714  2          747         746  4
        7715  2          748         747  4
        7716  2          749         748  4
        7717  2          750         749  4
        7718  2          751         750  4
        7719  2          752         751  4
        7720  2          753         752  4
        7721  2          754         753  4
        7722  2          755         754  4
        7723  2          756         755  4
        7724  2          757         756  4
        7725  2          758         757  4
        7726  2          759         758  4
        7727  2          760         759  4
        7728  2          761         760  4
        7729  2          762         761  4
        7730  2          763         762  4
        7731  2          764         763  4
        7732  2          765         764  4
        7733  2          766         765  4
        7734  2          767         766  4
        7735  2           25         767  4
       11551  2          768          25  4
       11552  2          769         768  4
       11553  2          770         769  4
       11554  2          771         770  4
       11555  2           31         771  4
         546  2            6        1192  2
         547  2         1192        1193  2
         548  2         1193        1194  2
         549  2         1194        1195  2
         550  2         1195          12  2
        4366  2           12        1196  2
        4367  2         1196        1197  2
        4368  2         1197        1198  2
        4369  2         1198        1199  2
        4370  2         1199        1200  2
        4371  2         1200        1201  2
        4372  2         1201        1202  2
        4373  2         1202        1203  2
        4374  2         1203        1204  2
        4375  2         1204        1205  2
        4376  2         1205        1206  2
        4377  2         1206        1207  2
        4378  2         1207        1208  2
        4379  2         1208        1209  2
        4380  2         1209        1210  2
        4381  2         1210        1211  2
        4382  2         1211        1212  2
        4383  2         1212        1213  2
        4384  2         1213        1214  2
        4385  2         1214        1215  2
        4386  2         1215        1216  2
        4387  2         1216        1217  2
        4388  2         1217        1218  2
        4389  2         1218        1219  2
        4390  2         1219        1220  2
        4391  2         1220        1221  2
        4392  2         1221        1222  2
        4393  2         1222        1223  2
        4394  2         1223        1224  2
        4395  2         1224        1225  2
        4396  2         1225        1226  2
        4397  2         1226        1227  2
        4398  2         1227        1228  2
        4399  2         1228        1229  2
        4400  2         1229          18  2
        7671  2           18        1230  2
        7672  2         1230        1231  2
        7673  2         1231        1232  2
        7674  2         1232        1233  2
        7675  2         1233        1234  2
        7676  2         1234        1235  2
        7677  2         1235        1236  2
        7678  2         1236        1237  2
        7679  2         1237        1238  2
        7680  2         1238        1239  2
        7681  2         1239        1240  2
        7682  2         1240        1241  2
        7683  2         1241        1242  2
        7684  2         1242        1243  2
        7685  2         1243        1244  2
        7686  2         1244        1245  2
        7687  2         1245        1246  2
        7688  2         1246        1247  2
        7689  2         1247        1248  2
        7690  2         1248        1249  2
        7691  2         1249        1250  2
        7692  2         1250        1251  2
        7693  2         1251        1252  2
        7694  2         1252        1253  2
        7695  2         1253        1254  2
        7696  2         1254        1255  2
        7697  2         1255        1256  2
        7698  2         1256        1257  2
        7699  2         1257        1258  2
        7700  2         1258          24  2
       11516  2           24        1259  2
       11517  2         1259        1260  2
       11518  2         1260        1261  2
       11519  2         1261        1262  2
       11520  2         1262        1263  2
       11521  2         1263        1264  2
       11522  2         1264        1265  2
       11523  2         1265        1266  2
       11524  2         1266        1267  2
       11525  2         1267        1268  2
       11526  2         1268        1269  2
       11527  2         1269        1270  2
       11528  2         1270        1271  2
       11529  2         1271        1272  2
       11530  2         1272        1273  2
       11531  2         1273        1274  2
       11532  2         1274        1275  2
       11533  2         1275        1276  2
       11534  2         1276        1277  2
       11535  2         1277        1278  2
       11536  2         1278        1279  2
       11537  2         1279        1280  2
       11538  2         1280        1281  2
       11539  2         1281        1282  2
       11540  2         1282        1283  2
       11541  2         1283        1284  2
       11542  2         1284        1285  2
       11543  2         1285        1286  2
       11544  2         1286        1287  2
       11545  2         1287        1288  2
       11546  2         1288        1289  2
       11547  2         1289        1290  2
       11548  2         1290        1291  2
       11549  2         1291        1292  2
       11550  2         1292          30  2
       12096  2           30        1293  2
       12097  2         1293        1294  2
       12098  2         1294        1295  2
       12099  2         1295        1296  2
       12100  2         1296          36  2
           1  2            1          37  1
           6  2           37          38  1
          11  2           38          39  1
          16  2           39          40  1
          21  2           40           2  1
          26  2            2          41  1
          31  2           41          42  1
          36  2           42          43  1
          41  2           43          44  1
          46  2           44          45  1
          51  2           45          46  1
          56  2           46          47  1
          61  2           47          48  1
          66  2           48          49  1
          71  2           49          50  1
          76  2           50          51  1
          81  2           51          52  1
          86  2           52          53  1
          91  2           53          54  1
          96  2           54          55  1
         101  2           55          56  1
         106  2           56          57  1
         111  2           57          58  1
         116  2           58          59  1
         121  2           59          60  1
         126  2           60          61  1
         131  2           61          62  1
         136  2           62          63  1
         141  2           63          64  1
         146  2           64          65  1
         151  2           65          66  1
         156  2           66          67  1
         161  2           67          68  1
         166  2           68          69  1
         171  2           69          70  1
         176  2           70          71  1
         181  2           71          72  1
         186  2           72          73  1
         191  2           73          74  1
         196  2           74           3  1
         201  2            3          75  1
         206  2           75          76  1
         211  2           76          77  1
         216  2           77          78  1
         221  2           78          79  1
         226  2           79          80  1
         231  2           80          81  1
         236  2           81          82  1
         241  2           82          83  1
         246  2           83          84  1
         251  2           84          85  1
         256  2           85          86  1
         261  2           86          87  1
         266  2           87          88  1
         271  2           88          89  1
         276  2           89          90  1
         281  2           90          91  1
         286  2           91          92  1
         291  2           92          93  1
         296  2           93          94  1
         301  2           94          95  1
         306  2           95          96  1
         311  2           96          97  1
         316  2           97          98  1
         321  2           98          99  1
         326  2           99         100  1
         331  2          100         101  1
         336  2          101         102  1
         341  2          102         103  1
         346  2          103           4  1
         351  2            4         104  1
         356  2          104         105  1
         361  2          105         106  1
         366  2          106         107  1
         371  2          107         108  1
         376  2          108         109  1
         381  2          109         110  1
         386  2          110         111  1
         391  2          111         112  1
         396  2          112         113  1
         401  2          113         114  1
         406  2          114         115  1
         411  2          115         116  1
         416  2          116         117  1
         421  2          117         118  1
         426  2          118         119  1
         431  2          119         120  1
         436  2          120         121  1
         441  2          121         122  1
         446  2          122         123  1
         451  2          123         124  1
         456  2          124         125  1
         461  2          125         126  1
         466  2          126         127  1
         471  2          127         128  1
         476  2          128         129  1
         481  2          129         130  1
         486  2          130         131  1
         491  2          131         132  1
         496  2          132         133  1
         501  2          133         134  1
         506  2          134         135  1
         511  2          135         136  1
         516  2          136         137  1
         521  2          137           5  1
         526  2            5         138  1
         531  2          138         139  1
         536  2          139         140  1
         541  2          140         141  1
         546  2          141           6  1
       11555  2          562          31  3
       11560  2          563         562  3
       11565  2          564         563  3
       11570  2          565         564  3
       11575  2           32         565  3
       11580  2          566          32  3
       11585  2          567         566  3
       11590  2          568         567  3
       11595  2          569         568  3
       11600  2          570         569  3
       11605  2          571         570  3
       11610  2          572         571  3
       11615  2          573         572  3
       11620  2          574         573  3
       11625  2          575         574  3
       11630  2          576         575  3
       11635  2          577         576  3
       11640  2          578         577  3
       11645  2          579         578  3
       11650  2          580         579  3
       11655  2          581         580  3
       11660  2          582         581  3
       11665  2          583         582  3
       11670  2          584         583  3
       11675  2          585         584  3
       11680  2          586         585  3
       11685  2          587         586  3
       11690  2          588         587  3
       11695  2          589         588  3
       11700  2          590         589  3
       11705  2          591         590  3
       11710  2          592         591  3
       11715  2          593         592  3
       11720  2          594         593  3
       11725  2          595         594  3
       11730  2          596         595  3
       11735  2          597         596  3
       11740  2          598         597  3
       11745  2          599         598  3
       11750  2           33         599  3
       11755  2          600          33  3
       11760  2          601         600  3
       11765  2          602         601  3
       11770  2          603         602  3
       11775  2          604         603  3
       11780  2          605         604  3
       11785  2          606         605  3
       11790  2          607         606  3
       11795  2          608         607  3
       11800  2          609         608  3
       11805  2          610         609  3
       11810  2          611         610  3
       11815  2          612         611  3
       11820  2          613         612  3
       11825  2          614         613  3
       11830  2          615         614  3
       11835  2          616         615  3
       11840  2          617         616  3
       11845  2          618         617  3
       11850  2          619         618  3
       11855  2          620         619  3
       11860  2          621         620  3
       11865  2          622         621  3
       11870  2          623         622  3
       11875  2          624         623  3
       11880  2          625         624  3
       11885  2          626         625  3
       11890  2          627         626  3
       11895  2          628         627  3
       11900  2           34         628  3
       11905  2          629          34  3
       11910  2          630         629  3
       11915  2          631         630  3
       11920  2          632         631  3
       11925  2          633         632  3
       11930  2          634         633  3
       11935  2          635         634  3
       11940  2          636         635  3
       11945  2          637         636  3
       11950  2          638         637  3
       11955  2          639         638  3
       11960  2          640         639  3
       11965  2          641         640  3
       11970  2          642         641  3
       11975  2          643         642  3
       11980  2          644         643  3
       11985  2          645         644  3
       11990  2          646         645  3
       11995  2          647         646  3
       12000  2          648         647  3
       12005  2          649         648  3
       12010  2          650         649  3
       12015  2          651         650  3
       12020  2          652         651  3
       12025  2          653         652  3
       12030  2          654         653  3
       12035  2          655         654  3
       12040  2          656         655  3
       12045  2          657         656  3
       12050  2          658         657  3
       12055  2          659         658  3
       12060  2          660         659  3
       12065  2          661         660  3
       12070  2          662         661  3
       12075  2           35         662  3
       12080  2          663          35  3
       12085  2          664         663  3
       12090  2          665         664  3
       12095  2          666         665  3
       12100  2           36         666  3
