440
1 2 1 37 1
1 2 1 667 4
2 2 667 668 4
3 2 668 669 4
4 2 669 670 4
5 2 670 7 4
6 2 37 38 1
11 2 38 39 1
16 2 40 39 1
21 2 40 2 1
26 2 41 2 1
31 2 41 42 1
36 2 42 43 1
41 2 43 44 1
46 2 44 45 1
51 2 45 46 1
56 2 46 47 1
61 2 48 47 1
66 2 48 49 1
71 2 49 50 1
76 2 50 51 1
81 2 51 52 1
86 2 52 53 1
91 2 53 54 1
96 2 54 55 1
101 2 56 55 1
106 2 56 57 1
111 2 57 58 1
116 2 58 59 1
121 2 59 60 1
126 2 60 61 1
131 2 61 62 1
136 2 62 63 1
141 2 64 63 1
146 2 64 65 1
151 2 65 66 1
156 2 66 67 1
161 2 67 68 1
166 2 68 69 1
171 2 69 70 1
176 2 70 71 1
181 2 72 71 1
186 2 72 73 1
191 2 73 74 1
196 2 74 3 1
201 2 3 75 1
206 2 75 76 1
211 2 76 77 1
216 2 77 78 1
221 2 78 79 1
226 2 80 79 1
231 2 80 81 1
236 2 81 82 1
241 2 82 83 1
246 2 83 84 1
251 2 84 85 1
256 2 85 86 1
261 2 86 87 1
266 2 88 87 1
271 2 88 89 1
276 2 89 90 1
281 2 90 91 1
286 2 91 92 1
291 2 92 93 1
296 2 93 94 1
301 2 94 95 1
306 2 96 95 1
311 2 96 97 1
316 2 97 98 1
321 2 98 99 1
326 2 99 100 1
331 2 100 101 1
336 2 101 102 1
341 2 102 103 1
346 2 4 103 1
351 2 104 4 1
356 2 104 105 1
361 2 105 106 1
366 2 106 107 1
371 2 107 108 1
376 2 108 109 1
381 2 109 110 1
386 2 110 111 1
391 2 112 111 1
396 2 112 113 1
401 2 113 114 1
406 2 114 115 1
411 2 115 116 1
416 2 116 117 1
421 2 117 118 1
426 2 118 119 1
431 2 120 119 1
436 2 120 121 1
441 2 121 122 1
446 2 122 123 1
451 2 123 124 1
456 2 124 125 1
461 2 125 126 1
466 2 126 127 1
471 2 128 127 1
476 2 128 129 1
481 2 129 130 1
486 2 130 131 1
491 2 131 132 1
496 2 132 133 1
501 2 133 134 1
506 2 134 135 1
511 2 136 135 1
516 2 136 137 1
521 2 137 5 1
526 2 138 5 1
531 2 138 139 1
536 2 139 140 1
541 2 140 141 1
546 2 141 6 1
546 2 1192 6 2
547 2 1192 1193 2
548 2 1193 1194 2
549 2 1194 1195 2
550 2 1195 12 2
551 2 7 671 4
552 2 672 671 4
553 2 672 673 4
554 2 673 674 4
555 2 674 675 4
556 2 675 676 4
557 2 676 677 4
558 2 677 678 4
559 2 678 679 4
560 2 680 679 4
561 2 680 681 4
562 2 681 682 4
563 2 682 683 4
564 2 683 684 4
565 2 684 685 4
566 2 685 686 4
567 2 686 687 4
568 2 688 687 4
569 2 688 689 4
570 2 689 690 4
571 2 690 691 4
572 2 691 692 4
573 2 692 693 4
574 2 693 694 4
575 2 694 695 4
576 2 696 695 4
577 2 696 697 4
578 2 697 698 4
579 2 698 699 4
580 2 699 700 4
581 2 700 701 4
582 2 701 702 4
583 2 702 703 4
584 2 704 703 4
585 2 704 13 4
4366 2 1196 12 2
4367 2 1196 1197 2
4368 2 1197 1198 2
4369 2 1198 1199 2
4370 2 1200 1199 2
4371 2 1200 1201 2
4372 2 1201 1202 2
4373 2 1202 1203 2
4374 2 1203 1204 2
4375 2 1204 1205 2
4376 2 1205 1206 2
4377 2 1206 1207 2
4378 2 1208 1207 2
4379 2 1208 1209 2
4380 2 1209 1210 2
4381 2 1210 1211 2
4382 2 1211 1212 2
4383 2 1212 1213 2
4384 2 1213 1214 2
4385 2 1214 1215 2
4386 2 1216 1215 2
4387 2 1216 1217 2
4388 2 1217 1218 2
4389 2 1218 1219 2
4390 2 1219 1220 2
4391 2 1220 1221 2
4392 2 1221 1222 2
4393 2 1222 1223 2
4394 2 1224 1223 2
4395 2 1224 1225 2
4396 2 1225 1226 2
4397 2 1226 1227 2
4398 2 1227 1228 2
4399 2 1228 1229 2
4400 2 18 1229 2
4401 2 705 13 4
4402 2 705 706 4
4403 2 706 707 4
4404 2 707 708 4
4405 2 708 709 4
4406 2 709 710 4
4407 2 710 711 4
4408 2 712 711 4
4409 2 712 713 4
4410 2 713 714 4
4411 2 714 715 4
4412 2 715 716 4
4413 2 716 717 4
4414 2 717 718 4
4415 2 718 719 4
4416 2 720 719 4
4417 2 720 721 4
4418 2 721 722 4
4419 2 722 723 4
4420 2 723 724 4
4421 2 724 725 4
4422 2 725 726 4
4423 2 726 727 4
4424 2 728 727 4
4425 2 728 729 4
4426 2 729 730 4
4427 2 730 731 4
4428 2 731 732 4
4429 2 732 733 4
4430 2 19 733 4
7671 2 18 1230 2
7672 2 1230 1231 2
7673 2 1232 1231 2
7674 2 1232 1233 2
7675 2 1233 1234 2
7676 2 1234 1235 2
7677 2 1235 1236 2
7678 2 1236 1237 2
7679 2 1237 1238 2
7680 2 1238 1239 2
7681 2 1240 1239 2
7682 2 1240 1241 2
7683 2 1241 1242 2
7684 2 1242 1243 2
7685 2 1243 1244 2
7686 2 1244 1245 2
7687 2 1245 1246 2
7688 2 1246 1247 2
7689 2 1248 1247 2
7690 2 1248 1249 2
7691 2 1249 1250 2
7692 2 1250 1251 2
7693 2 1251 1252 2
7694 2 1252 1253 2
7695 2 1253 1254 2
7696 2 1254 1255 2
7697 2 1256 1255 2
7698 2 1256 1257 2
7699 2 1257 1258 2
7700 2 24 1258 2
7701 2 19 734 4
7702 2 734 735 4
7703 2 736 735 4
7704 2 736 737 4
7705 2 737 738 4
7706 2 738 739 4
7707 2 739 740 4
7708 2 740 741 4
7709 2 741 742 4
7710 2 742 743 4
7711 2 744 743 4
7712 2 744 745 4
7713 2 745 746 4
7714 2 746 747 4
7715 2 747 748 4
7716 2 748 749 4
7717 2 749 750 4
7718 2 750 751 4
7719 2 752 751 4
7720 2 752 753 4
7721 2 753 754 4
7722 2 754 755 4
7723 2 755 756 4
7724 2 756 757 4
7725 2 757 758 4
7726 2 758 759 4
7727 2 760 759 4
7728 2 760 761 4
7729 2 761 762 4
7730 2 762 763 4
7731 2 763 764 4
7732 2 764 765 4
7733 2 765 766 4
7734 2 766 767 4
7735 2 25 767 4
11516 2 24 1259 2
11517 2 1259 1260 2
11518 2 1260 1261 2
11519 2 1261 1262 2
11520 2 1262 1263 2
11521 2 1264 1263 2
11522 2 1264 1265 2
11523 2 1265 1266 2
11524 2 1266 1267 2
11525 2 1267 1268 2
11526 2 1268 1269 2
11527 2 1269 1270 2
11528 2 1270 1271 2
11529 2 1272 1271 2
11530 2 1272 1273 2
11531 2 1273 1274 2
11532 2 1274 1275 2
11533 2 1275 1276 2
11534 2 1276 1277 2
11535 2 1277 1278 2
11536 2 1278 1279 2
11537 2 1280 1279 2
11538 2 1280 1281 2
11539 2 1281 1282 2
11540 2 1282 1283 2
11541 2 1283 1284 2
11542 2 1284 1285 2
11543 2 1285 1286 2
11544 2 1286 1287 2
11545 2 1288 1287 2
11546 2 1288 1289 2
11547 2 1289 1290 2
11548 2 1290 1291 2
11549 2 1291 1292 2
11550 2 1292 30 2
11551 2 768 25 4
11552 2 768 769 4
11553 2 769 770 4
11554 2 770 771 4
11555 2 562 31 3
11555 2 771 31 4
11560 2 562 563 3
11565 2 563 564 3
11570 2 564 565 3
11575 2 32 565 3
11580 2 32 566 3
11585 2 566 567 3
11590 2 568 567 3
11595 2 568 569 3
11600 2 569 570 3
11605 2 570 571 3
11610 2 571 572 3
11615 2 572 573 3
11620 2 573 574 3
11625 2 574 575 3
11630 2 576 575 3
11635 2 576 577 3
11640 2 577 578 3
11645 2 578 579 3
11650 2 579 580 3
11655 2 580 581 3
11660 2 581 582 3
11665 2 582 583 3
11670 2 584 583 3
11675 2 584 585 3
11680 2 585 586 3
11685 2 586 587 3
11690 2 587 588 3
11695 2 588 589 3
11700 2 589 590 3
11705 2 590 591 3
11710 2 592 591 3
11715 2 592 593 3
11720 2 593 594 3
11725 2 594 595 3
11730 2 595 596 3
11735 2 596 597 3
11740 2 597 598 3
11745 2 598 599 3
11750 2 33 599 3
11755 2 600 33 3
11760 2 600 601 3
11765 2 601 602 3
11770 2 602 603 3
11775 2 603 604 3
11780 2 604 605 3
11785 2 605 606 3
11790 2 606 607 3
11795 2 608 607 3
11800 2 608 609 3
11805 2 609 610 3
11810 2 610 611 3
11815 2 611 612 3
11820 2 612 613 3
11825 2 613 614 3
11830 2 614 615 3
11835 2 616 615 3
11840 2 616 617 3
11845 2 617 618 3
11850 2 618 619 3
11855 2 619 620 3
11860 2 620 621 3
11865 2 621 622 3
11870 2 622 623 3
11875 2 624 623 3
11880 2 624 625 3
11885 2 625 626 3
11890 2 626 627 3
11895 2 627 628 3
11900 2 34 628 3
11905 2 34 629 3
11910 2 629 630 3
11915 2 630 631 3
11920 2 632 631 3
11925 2 632 633 3
11930 2 633 634 3
11935 2 634 635 3
11940 2 635 636 3
11945 2 636 637 3
11950 2 637 638 3
11955 2 638 639 3
11960 2 640 639 3
11965 2 640 641 3
11970 2 641 642 3
11975 2 642 643 3
11980 2 643 644 3
11985 2 644 645 3
11990 2 645 646 3
11995 2 646 647 3
12000 2 648 647 3
12005 2 648 649 3
12010 2 649 650 3
12015 2 650 651 3
12020 2 651 652 3
12025 2 652 653 3
12030 2 653 654 3
12035 2 654 655 3
12040 2 656 655 3
12045 2 656 657 3
12050 2 657 658 3
12055 2 658 659 3
12060 2 659 660 3
12065 2 660 661 3
12070 2 661 662 3
12075 2 35 662 3
12080 2 35 663 3
12085 2 664 663 3
12090 2 664 665 3
12095 2 665 666 3
12096 2 1293 30 2
12097 2 1293 1294 2
12098 2 1294 1295 2
12099 2 1296 1295 2
12100 2 1296 36 2
12100 2 666 36 3
