        2246
          62           1
          67           2
          69           2
          71           1
          72           2
          75           2
          76           1
          77           1
          78           1
          82           2
          83           2
          86           1
          87           2
          88           1
          89           1
          92           1
          94           1
          98           1
         101           2
         103           2
         104           1
         106           1
         108           1
         110           1
         113           2
         116           1
         124           1
         126           2
         133           2
         135           2
         136           1
         137           2
         140           1
         145           1
         148           2
         150           2
         151           2
         153           1
         154           2
         157           1
         160           1
         165           2
         167           2
         168           1
         169           1
         170           1
         173           2
         175           1
         176           1
         177           2
         178           1
         179           1
         181           3
         182           3
         183           1
         184           1
         186           2
         189           2
         191           3
         195           1
         196           2
         197           1
         200           1
         206           2
         213           1
         218           1
         222           2
         226           1
         228           2
         240           1
         241           2
         242           2
         250           1
         251           2
         257           2
         258           2
         261           1
         263           1
         273           3
         281           2
         290           1
         291           2
         299           1
         300           1
         302           2
         303           1
         306           2
         307           2
         309           2
         314           1
         315           1
         318           2
         319           1
         320           2
         321           1
         325           1
         330           2
         331           1
         339           1
         343           1
         344           1
         345           1
         353           1
         361           2
         362           2
         363           2
         365           1
         367           1
         368           1
         378           2
         379           1
         381           2
         386           1
         389           1
         391           2
         393           2
         395           2
         397           1
         411           1
         414           2
         418           1
         420           1
         425           2
         426           2
         427           2
         433           2
         437           2
         445           1
         446           1
         449           1
         450           2
         455           2
         457           2
         458           2
         461           2
         467           2
         468           2
         469           1
         470           1
         472           1
         476           1
         480           2
         482           2
         487           1
         493           2
         497           2
         507           2
         510           2
         511           1
         517           2
         518           1
         520           2
         521           2
         522           2
         529           2
         530           1
         535           2
         540           2
         541           1
         542           2
         544           1
         550           1
         553           2
         554           2
         559           2
         561           1
         564           1
         566           1
         568           1
         570           1
         571           1
         574           2
         577           3
         579           1
         581           2
         582           1
         583           1
         589           1
         590           2
         591           2
         592           1
         594           1
         608           1
         612           2
         614           2
         618           1
         622           1
         624           1
         632           1
         633           3
         636           2
         640           2
         642           1
         647           1
         650           3
         652           2
         665           3
         666           1
         679           3
         681           2
         710           1
         719           2
         721           2
         727           3
         730           3
         755           2
         756           1
         766           2
         768           2
         770           1
         782           2
         784           2
         794           2
         818           2
         820           2
         857           2
         868           2
         874           1
         885           2
         889           2
         896           2
         906           1
         916           2
         921           2
         932           2
         939           2
         949           2
         951           2
         973           2
         997           2
        1004           2
        1006           2
        1013           1
        1023           1
        1026           1
        1031           1
        1047           3
        1067           1
        1070           2
        1082           1
        1174           2
        1178           1
        1181           2
        1209           1
        1233           2
        1248           2
        1273           1
        1280           2
        1293           2
        1326           1
        1373           1
        1385           1
        1391           2
        1397           1
        1416           2
        1425           2
        1439           2
        1445           1
        1513           1
        1563           1
        1566           1
        1576           1
        1580           1
        1647           1
        1666           1
        1670           1
        1673           1
        1693           1
        1742           1
        1763           1
        1776           1
        1780           1
        1901           2
        1990           1
        1991           1
        2043           1
        2044           2
        2086           1
        2138           1
        2164           2
        2168           1
        2181           2
        2189           2
        2200           2
        2444           1
        2558           1
        2638           1
        2663           1
        2667           1
        2745           2
        2781           1
        2812           1
        2833           2
        2848           1
        2853           1
        2860           1
        2880           1
        2886           1
        2890           1
        2895           1
        2900           2
        2906           1
        2910           1
        2917           1
        2932           1
        2971           1
        2978           1
        3019           2
        3032           1
        3043           1
        3046           1
        3063           1
        3077           1
        3118           1
        3143           2
        3219           1
        3241           1
        3274           1
        3289           2
        3304           1
        3307           2
        3312           1
        3313           1
        3314           2
        3317           2
        3318           1
        3319           2
        3322           1
        3323           2
        3324           1
        3330           1
        3333           1
        3334           2
        3336           2
        3337           1
        3339           1
        3344           2
        3345           1
        3355           1
        3359           1
        3370           1
        3371           2
        3375           2
        3380           1
        3401           1
        3402           1
        3403           1
        3408           1
        3412           1
        3416           2
        3417           2
        3418           1
        3432           2
        3436           1
        3437           1
        3442           1
        3443           2
        3467           2
        3468           1
        3469           1
        3470           2
        3472           2
        3473           1
        3474           1
        3475           2
        3476           1
        3477           1
        3478           1
        3479           2
        3480           2
        3481           2
        3482           2
        3485           1
        3486           1
        3487           2
        3491           2
        3494           2
        3495           1
        3496           2
        3506           1
        3507           2
        3508           1
        3509           2
        3510           1
        3515           2
        3516           1
        3517           1
        3546           1
        3561           1
        3562           1
        3619           1
        3661           2
        3692           1
        3713           2
        3730           1
        3804           2
        3816           2
        3834           2
        3846           2
        3850           2
        3855           1
        3856           1
        3865           1
        3869           1
        3870           1
        3871           2
        3877           1
        3890           2
        3910           1
        3925           2
        3926           1
        3930           2
        3931           2
        3936           1
        3941           1
        3942           2
        3946           1
        3950           1
        3951           2
        3953           2
        3957           2
        3958           1
        3959           1
        3960           1
        3961           2
        3962           2
        3964           2
        3965           2
        3967           1
        3968           2
        3969           1
        3970           2
        3971           1
        3972           2
        3973           2
        3976           1
        3977           2
        3982           1
        3985           1
        3987           2
        4004           2
        4014           2
        4026           2
        4049           1
        4060           2
        4062           2
        4063           2
        4079           1
        4083           1
        4114           2
        4131           2
        4152           1
        4155           2
        4172           1
        4176           2
        4178           2
        4187           1
        4212           2
        4222           2
        4224           1
        4230           2
        4233           1
        4241           2
        4243           1
        4256           2
        4280           1
        4282           1
        4293           1
        4315           2
        4353           2
        4354           1
        4356           2
        4369           1
        4378           2
        4389           2
        4390           2
        4394           1
        4405           2
        4408           2
        4414           2
        4423           1
        4441           2
        4443           1
        4452           1
        4473           2
        4477           1
        4480           2
        4485           1
        4488           2
        4490           2
        4498           2
        4500           1
        4503           2
        4511           3
        4520           1
        4521           2
        4522           1
        4523           2
        4538           2
        4544           2
        4546           1
        4557           1
        4580           1
        4623           2
        4634           2
        4645           2
        4650           2
        4651           2
        4660           1
        4669           2
        4670           2
        4680           1
        4685           1
        4686           2
        4687           2
        4688           1
        4689           1
        4690           2
        4691           2
        4693           1
        4696           2
        4698           2
        4699           2
        4703           1
        4709           1
        4711           2
        4720           2
        4722           1
        4723           2
        4724           1
        4729           1
        4730           2
        4731           2
        4734           2
        4735           2
        4737           2
        4740           2
        4742           1
        4743           1
        4746           2
        4748           1
        4749           1
        4750           2
        4751           1
        4752           2
        4755           2
        4756           1
        4757           2
        4765           2
        4766           1
        4768           3
        4769           3
        4770           1
        4771           2
        4773           2
        4774           1
        4775           2
        4781           2
        4782           1
        4783           2
        4787           1
        4788           1
        4789           2
        4790           1
        4791           2
        4792           2
        4793           1
        4795           1
        4796           2
        4797           2
        4798           2
        4799           1
        4800           1
        4801           2
        4802           2
        4803           2
        4804           1
        4805           1
        4806           1
        4807           2
        4808           2
        4809           2
        4810           1
        4811           2
        4812           1
        4813           2
        4814           1
        4815           2
        4816           1
        4817           2
        4818           1
        4819           1
        4820           3
        4821           3
        4822           3
        4823           3
        4824           3
        4825           3
        4831           3
        4838           1
        4840           1
        4874           1
        4880           1
        4901           2
        4910           2
        4916           1
        4926           2
        4941           1
        4944           2
        4949           1
        4954           2
        4957           1
        4964           1
        4968           1
        4972           2
        4973           3
        4977           2
        4981           2
        4984           2
        4996           2
        5004           1
        5008           2
        5010           2
        5019           2
        5023           1
        5025           2
        5030           1
        5032           1
        5047           3
        5054           3
        5061           3
        5063           1
        5066           3
        5081           3
        5084           2
        5086           3
        5088           3
        5098           1
        5100           1
        5102           1
        5111           1
        5114           3
        5117           1
        5136           1
        5139           2
        5150           3
        5162           2
        5163           2
        5167           3
        5171           1
        5174           1
        5175           1
        5176           3
        5177           2
        5181           2
        5183           2
        5187           1
        5199           3
        5205           1
        5220           2
        5223           2
        5231           2
        5241           2
        5247           3
        5250           2
        5251           1
        5255           1
        5261           2
        5262           1
        5269           2
        5271           2
        5277           3
        5282           2
        5283           1
        5285           3
        5294           2
        5296           1
        5299           2
        5309           1
        5316           2
        5325           2
        5331           2
        5335           1
        5340           2
        5345           1
        5351           1
        5357           1
        5358           2
        5364           2
        5369           2
        5378           1
        5383           3
        5385           1
        5391           2
        5392           1
        5403           1
        5406           1
        5411           1
        5413           1
        5415           1
        5420           2
        5423           2
        5428           1
        5440           2
        5464           1
        5466           1
        5469           1
        5471           2
        5487           1
        5492           1
        5494           2
        5495           2
        5497           2
        5498           1
        5499           1
        5502           1
        5516           2
        5526           1
        5528           2
        5530           1
        5533           2
        5537           1
        5539           2
        5543           2
        5561           2
        5562           1
        5563           1
        5566           1
        5581           1
        5582           2
        5605           1
        5608           2
        5613           2
        5617           2
        5619           1
        5623           1
        5638           1
        5639           2
        5648           1
        5652           2
        5659           1
        5660           3
        5665           2
        5667           1
        5671           2
        5674           1
        5675           1
        5681           2
        5707           1
        5713           1
        5714           2
        5722           1
        5731           3
        5735           2
        5739           2
        5746           1
        5753           1
        5757           1
        5760           1
        5773           3
        5777           1
        5779           2
        5785           1
        5793           2
        5795           1
        5801           2
        5812           2
        5815           1
        5829           1
        5832           1
        5849           2
        5853           1
        5858           2
        5860           2
        5864           2
        5870           1
        5877           1
        5899           2
        5906           1
        5926           1
        5934           2
        5935           2
        5938           2
        5950           2
        5965           2
        5974           2
        5977           1
        5981           1
        5983           1
        5986           2
        5994           1
        5999           2
        6012           1
        6016           1
        6024           1
        6025           2
        6032           2
        6034           2
        6047           2
        6051           2
        6066           1
        6079           2
        6081           2
        6090           1
        6100           1
        6102           2
        6104           1
        6111           2
        6116           1
        6118           2
        6127           2
        6138           2
        6140           1
        6141           1
        6145           1
        6154           1
        6158           1
        6162           1
        6163           1
        6171           2
        6175           2
        6180           1
        6185           2
        6188           2
        6197           1
        6198           2
        6210           1
        6211           2
        6227           1
        6236           2
        6239           2
        6242           1
        6246           1
        6248           1
        6251           1
        6260           2
        6264           2
        6284           1
        6292           2
        6317           1
        6334           1
        6335           2
        6342           2
        6364           1
        6373           1
        6376           1
        6384           2
        6391           2
        6393           2
        6397           1
        6409           2
        6416           1
        6453           2
        6467           2
        6470           2
        6477           1
        6491           2
        6492           1
        6502           1
        6506           2
        6519           2
        6523           1
        6524           2
        6531           2
        6534           2
        6536           1
        6554           2
        6555           1
        6559           1
        6560           2
        6577           2
        6578           2
        6588           2
        6612           2
        6618           1
        6641           2
        6645           1
        6646           1
        6649           2
        6658           1
        6684           1
        6707           2
        6727           1
        6739           2
        6761           2
        6762           2
        6765           2
        6773           2
        6792           2
        6795           2
        6815           1
        6821           2
        6875           1
        6885           1
        6890           2
        6892           2
        6906           2
        6919           1
        6990           2
        7002           2
        7022           2
        7028           2
        7032           2
        7039           1
        7051           1
        7061           1
        7077           1
        7080           2
        7110           2
        7159           1
        7164           2
        7195           2
        7202           1
        7234           2
        7257           1
        7259           1
        7283           2
        7286           2
        7290           2
        7296           2
        7298           2
        7304           2
        7313           1
        7314           2
        7317           1
        7319           1
        7324           1
        7325           1
        7326           1
        7328           2
        7352           2
        7364           1
        7375           1
        7380           2
        7392           2
        7396           2
        7398           2
        7401           2
        7410           2
        7414           2
        7431           1
        7441           2
        7447           2
        7449           1
        7454           2
        7458           1
        7460           2
        7464           1
        7465           2
        7494           2
        7497           2
        7498           2
        7499           2
        7500           1
        7511           1
        7515           1
        7522           1
        7527           2
        7544           2
        7560           2
        7561           1
        7567           1
        7575           1
        7582           2
        7583           1
        7592           2
        7597           2
        7604           1
        7605           1
        7619           1
        7620           2
        7624           2
        7628           1
        7630           2
        7659           1
        7666           1
        7670           1
        7673           1
        7680           1
        7691           2
        7692           2
        7700           1
        7702           1
        7716           2
        7722           2
        7733           2
        7743           2
        7744           1
        7752           1
        7754           2
        7758           1
        7760           2
        7769           1
        7787           2
        7788           2
        7800           1
        7802           2
        7840           2
        7841           2
        7856           1
        7860           1
        7873           2
        7885           1
        7897           2
        7912           1
        7918           2
        7921           1
        7926           2
        7929           1
        7935           1
        7939           1
        7940           1
        7950           2
        7957           2
        7968           2
        7997           2
        8004           1
        8017           1
        8047           1
        8058           1
        8065           1
        8066           1
        8072           2
        8075           1
        8076           1
        8081           2
        8104           1
        8126           2
        8127           2
        8151           2
        8153           1
        8163           2
        8176           1
        8185           2
        8189           1
        8208           1
        8219           2
        8250           1
        8256           2
        8265           2
        8289           2
        8293           2
        8323           1
        8330           1
        8340           2
        8343           2
        8348           1
        8351           2
        8364           1
        8367           2
        8385           1
        8413           1
        8417           1
        8434           1
        8439           2
        8446           1
        8450           1
        8465           1
        8478           2
        8480           1
        8483           2
        8484           1
        8491           1
        8498           2
        8512           2
        8515           2
        8534           1
        8557           2
        8559           1
        8579           1
        8584           2
        8591           2
        8593           1
        8596           2
        8597           1
        8608           1
        8621           1
        8623           1
        8637           1
        8638           1
        8640           1
        8649           2
        8652           2
        8656           1
        8667           1
        8672           2
        8677           1
        8683           1
        8689           2
        8691           2
        8706           2
        8718           1
        8725           1
        8727           2
        8735           2
        8738           2
        8739           1
        8745           1
        8747           1
        8766           1
        8768           2
        8774           1
        8831           2
        8832           2
        8863           2
        8869           2
        8871           1
        8874           2
        8882           1
        8884           1
        8904           1
        8906           1
        8908           1
        8910           1
        8924           1
        8940           2
        8951           1
        8958           2
        8968           1
        8978           1
        8981           1
        8983           1
        8986           1
        8989           1
        8992           1
        9006           1
        9012           2
        9016           2
        9018           1
        9028           1
        9043           1
        9054           1
        9060           1
        9061           2
        9090           2
        9093           1
        9111           1
        9115           1
        9129           1
        9134           1
        9135           1
        9145           1
        9155           1
        9156           2
        9165           1
        9173           2
        9175           2
        9176           2
        9181           1
        9186           1
        9188           1
        9193           1
        9204           1
        9211           1
        9218           1
        9227           2
        9230           1
        9231           1
        9242           1
        9251           2
        9264           2
        9270           2
        9276           1
        9292           2
        9296           1
        9305           2
        9306           2
        9319           1
        9328           2
        9338           2
        9339           2
        9351           1
        9368           1
        9372           2
        9401           2
        9408           1
        9415           2
        9425           2
        9436           1
        9474           1
        9479           2
        9481           1
        9512           1
        9519           2
        9529           1
        9530           1
        9558           1
        9564           2
        9578           1
        9582           2
        9596           2
        9618           1
        9640           2
        9662           2
        9663           2
        9674           2
        9690           1
        9699           1
        9701           1
        9703           2
        9730           2
        9735           1
        9740           2
        9749           2
        9755           2
        9757           1
        9765           2
        9768           2
        9769           1
        9781           2
        9786           1
        9787           1
        9801           1
        9802           2
        9806           2
        9807           2
        9809           1
        9818           2
        9842           2
        9844           1
        9845           1
        9853           1
        9870           2
        9881           2
        9892           2
        9893           2
        9922           1
        9926           2
        9936           2
        9953           2
        9963           1
        9966           2
        9976           2
        9990           1
        9992           1
        9993           2
        9994           1
       10018           1
       10023           2
       10026           1
       10027           2
       10030           2
       10042           2
       10062           2
       10074           1
       10079           2
       10095           1
       10115           1
       10116           1
       10149           2
       10151           1
       10168           2
       10183           1
       10188           2
       10197           1
       10218           1
       10229           2
       10244           2
       10268           1
       10297           1
       10309           2
       10321           1
       10323           1
       10325           2
       10353           2
       10407           2
       10408           2
       10429           2
       10444           2
       10505           2
       10513           1
       10520           1
       10559           2
       10608           1
       10635           1
       10639           1
       10642           1
       10665           1
       10669           2
       10707           1
       10731           2
       10773           1
       10779           1
       10784           2
       10804           1
       10810           2
       10833           2
       10854           2
       10878           2
       10890           1
       10910           1
       10916           3
       10923           2
       10927           1
       10937           1
       10944           2
       10949           2
       10967           2
       10981           2
       11008           2
       11017           2
       11023           2
       11044           2
       11049           2
       11057           1
       11073           1
       11079           1
       11080           1
       11081           2
       11099           2
       11102           2
       11103           2
       11108           1
       11110           2
       11115           1
       11116           1
       11128           2
       11142           2
       11158           2
       11174           2
       11177           2
       11180           1
       11182           2
       11184           1
       11190           2
       11195           1
       11196           1
       11199           1
       11204           2
       11214           1
       11217           1
       11219           1
       11222           2
       11244           1
       11245           2
       11255           1
       11257           2
       11269           2
       11278           1
       11280           2
       11281           2
       11291           2
       11294           1
       11308           2
       11313           2
       11321           2
       11323           1
       11329           2
       11335           2
       11350           1
       11351           2
       11352           2
       11354           1
       11360           2
       11363           1
       11365           1
       11366           1
       11370           2
       11372           2
       11373           2
       11375           2
       11377           2
       11382           2
       11385           1
       11391           1
       11397           2
       11407           1
       11409           1
       11414           2
       11415           1
       11424           1
       11428           1
       11432           3
       11434           2
       11447           2
       11450           2
       11455           2
       11461           1
       11464           1
       11466           2
       11470           1
       11476           2
       11477           2
       11479           2
       11485           2
       11488           1
       11489           1
       11502           2
       11511           2
       11515           1
       11516           1
       11517           1
       11519           1
       11521           2
       11522           1
       11530           1
       11533           2
       11537           2
       11538           2
       11540           2
       11550           2
       11553           2
       11555           1
       11557           1
       11559           2
       11562           3
       11566           2
       11568           2
       11569           2
       11570           1
       11575           1
       11579           2
       11585           1
       11589           1
       11599           1
       11604           3
       11606           2
       11613           1
       11621           2
       11630           2
       11633           2
       11635           2
       11640           1
       11644           1
       11645           2
       11648           2
       11657           2
       11661           1
       11662           2
       11664           2
       11668           2
       11669           1
       11675           2
       11676           2
       11678           2
       11681           1
       11684           2
       11685           1
       11686           1
       11688           1
       11691           2
       11692           1
       11694           1
       11695           1
       11697           2
       11703           2
       11705           2
       11706           1
       11710           1
       11711           2
       11713           1
       11714           1
       11727           1
       11732           1
       11742           1
       11744           1
       11747           1
       11749           2
       11752           2
       11754           1
       11755           2
       11757           1
       11758           1
       11762           1
       11763           2
       11766           3
       11767           1
       11769           1
       11771           2
       11772           1
       11773           1
       11774           1
       11782           2
       11784           2
       11785           1
       11788           2
       11789           2
       11791           1
       11792           2
       11798           1
       11801           2
       11811           1
       11814           1
       11815           2
       11816           2
       11817           2
       11818           1
       11822           1
       11824           1
       11825           1
       11830           1
       11837           2
       11840           2
       11842           1
       11843           1
       11850           1
       11851           1
       11854           2
       11855           2
       11856           1
       11865           3
       11867           2
       11870           2
       11872           2
       11873           2
       11877           3
       11878           3
       11880           2
       11883           2
       11884           1
       11885           2
       11886           2
       11889           2
       11890           1
       11891           3
       11896           1
       11901           2
       11903           1
       11904           1
       11905           2
       11907           1
       11908           1
       11910           2
       11911           2
       11912           2
       11917           2
       11920           1
       11921           1
       11922           1
       11924           1
       11925           2
       11927           2
       11928           2
       11929           1
       11932           2
       11935           1
       11936           3
       11937           1
       11938           2
       11939           2
       11940           1
       11945           1
       11949           2
       11953           2
       11954           2
       11955           2
       11956           1
       11960           2
       11962           1
       11965           1
       11967           1
       11968           2
       11969           1
       11970           1
       11973           2
       11978           3
       11979           2
       11980           2
       11983           1
       11984           2
       11986           1
       11988           2
       11991           1
       11994           1
       11995           1
       11996           1
       12000           2
       12002           1
       12005           1
       12007           1
       12011           2
       12012           1
       12018           2
       12019           1
       12022           1
       12024           1
       12025           1
       12026           1
       12027           2
       12030           1
       12040           1
       12044           1
       12046           2
       12047           2
       12048           2
       12049           2
       12051           1
       12052           2
       12055           2
       12061           2
       12062           1
       12063           1
       12065           3
       12067           2
       12069           2
       12070           2
       12071           3
       12073           3
       12074           2
       12076           2
       12078           1
       12083           2
       12084           1
       12087           1
       12089           1
       12090           1
       12093           2
       12094           2
       12096           1
       12098           2
       12099           2
       12100           1
       12102           1
       12105           2
       12109           1
       12111           1
       12113           2
       12116           2
       12118           2
       12121           1
       12122           1
       12124           2
       12126           3
       12127           1
       12129           1
       12130           2
       12131           1
       12132           1
       12134           2
       12136           1
       12137           1
       12138           2
       12139           2
       12141           2
       12142           2
       12143           1
       12146           2
       12148           2
       12149           2
       12151           1
       12153           1
       12155           2
       12156           2
       12159           1
       12160           1
       12161           1
       12163           2
       12167           2
       12169           2
       12170           2
       12173           2
       12176           2
       12177           1
       12179           2
       12180           1
       12183           2
       12184           2
       12185           2
       12186           2
       12188           2
       12190           1
       12191           2
       12192           1
       12194           2
       12195           1
       12197           1
       12200           2
       12201           3
       12202           3
       12203           3
       12204           2
       12208           2
       12209           1
       12210           1
       12211           3
       12214           2
       12215           2
       12216           1
       12218           2
       12219           2
       12221           2
       12222           2
       12223           2
       12227           2
       12228           2
       12230           1
       12233           1
       12237           1
       12239           2
       12241           1
       12242           2
       12244           2
       12246           2
       12251           2
       12253           1
       12254           3
       12257           2
       12259           1
       12263           2
       12266           1
       12267           1
       12271           2
       12272           2
       12273           2
       12274           2
       12275           2
       12276           1
       12279           2
       12280           2
       12281           2
       12283           2
       12285           1
       12286           2
       12288           2
       12289           1
       12290           1
       12291           2
       12292           2
       12293           1
       12296           1
       12297           3
       12298           2
       12299           2
       12300           1
       12301           1
       12302           1
       12304           2
       12305           2
       12308           2
       12309           1
       12311           2
       12312           2
       12321           1
       12324           2
       12325           1
       12326           1
       12329           1
       12334           2
       12336           2
       12342           1
       12347           1
       12350           2
       12357           2
       12358           2
       12362           2
       12365           1
       12366           1
       12370           2
       12371           2
       12372           1
       12377           2
       12380           2
       12390           2
       12393           2
       12401           2
       12404           2
       12405           1
       12406           1
       12407           2
       12412           1
       12413           3
       12416           2
       12418           2
       12419           2
       12423           1
       12426           2
       12427           1
       12429           1
       12434           2
       12436           2
       12437           1
       12438           2
       12441           2
       12443           1
       12446           1
       12447           2
       12451           2
       12452           2
       12453           1
       12454           1
       12455           2
       12459           2
       12460           2
       12462           2
       12464           1
       12467           3
       12468           1
       12469           2
       12470           2
       12471           1
       12472           3
       12473           2
       12476           2
       12478           2
       12479           1
       12483           1
       12485           1
       12486           2
       12487           2
       12489           1
       12490           1
       12491           1
       12492           2
       12496           2
       12497           2
       12498           2
       12500           2
       12501           2
       12502           2
       12503           1
       12504           1
       12506           1
       12507           1
       12511           2
       12516           1
       12519           2
       12520           2
       12521           2
       12522           1
       12524           2
       12526           1
       12527           1
       12529           1
       12532           1
       12533           2
       12534           3
       12537           1
       12538           1
       12542           2
       12543           2
       12544           2
       12546           2
       12548           1
       12549           2
       12550           2
       12552           2
       12557           2
       12558           1
       12559           1
       12564           1
       12566           3
       12568           1
       12569           1
       12572           1
       12574           2
       12575           2
       12578           2
       12579           1
       12582           2
       12583           2
       12591           2
       12592           1
       12593           1
       12595           2
       12596           1
       12598           1
       12600           2
       12603           2
       12605           2
       12608           2
       12609           1
       12611           3
       12613           1
       12616           1
       12619           2
       12620           1
       12621           1
       12622           2
       12624           1
       12625           2
       12627           2
       12628           2
       12630           1
       12631           1
       12637           1
       12638           2
       12640           2
       12642           1
       12643           1
       12644           1
       12645           2
       12646           2
       12647           2
       12648           1
       12649           1
       12650           2
       12651           1
       12653           2
       12656           1
       12669           1
       12670           1
       12672           2
       12673           2
       12679           2
       12682           1
       12685           1
       12687           2
       12688           1
       12690           2
       12692           1
       12694           1
       12695           1
       12699           1
       12701           2
       12704           2
       12706           2
       12710           1
       12713           1
       12718           1
       12723           2
       12724           1
       12727           1
       12731           1
       12734           2
       12735           2
       12736           1
       12738           1
       12740           1
       12741           1
       12743           1
       12748           2
       12750           3
       12754           2
       12755           1
       12756           1
       12760           1
       12761           2
       12762           1
       12771           1
       12773           2
       12775           2
       12778           2
       12781           3
       12782           2
       12784           1
       12786           1
       12787           2
       12791           2
       12792           2
       12793           2
       12797           1
       12798           2
       12799           1
       12800           1
       12801           1
       12802           1
       12804           2
       12806           2
       12808           1
       12809           1
       12810           2
       12811           3
       12813           1
       12814           1
       12815           2
       12817           2
       12818           1
       12819           1
       12820           2
       12822           1
       12824           2
       12827           1
       12829           1
       12832           2
       12834           2
       12835           2
       12837           2
       12838           1
       12839           1
       12841           1
       12842           1
       12844           2
       12846           1
       12847           1
       12850           2
       12852           2
       12854           1
       12857           1
       12858           3
       12859           1
       12863           2
       12865           1
       12867           2
       12871           2
       12873           1
       12874           1
       12875           2
       12877           3
       12879           1
       12881           2
       12882           2
       12883           2
       12884           1
       12888           2
       12889           1
       12891           2
       12892           2
       12894           1
       12895           2
       12897           1
       12898           1
       12901           2
       12905           1
       12906           1
       12907           1
       12908           2
       12910           1
       12911           2
       12913           2
       12914           3
       12915           2
       12916           1
       12917           2
       12918           1
       12919           2
       12921           2
       12925           2
       12926           1
       12927           1
       12929           2
       12931           2
       12932           1
       12933           1
       12934           2
       12935           3
       12937           1
       12938           2
       12939           1
       12940           2
       12941           1
       12943           2
       12945           2
       12950           2
       12951           1
       12952           3
       12954           2
       12956           1
       12957           2
       12958           1
       12959           2
       12961           1
       12962           3
       12963           3
       12964           2
       12965           3
       12966           2
       12968           2
       12969           1
       12970           1
       12971           2
       12973           1
       12974           2
       12975           1
       12976           2
       12977           1
       12979           2
       12980           2
       12981           1
       12982           2
       12983           2
       12984           2
       12985           2
       12987           2
       12988           2
       12989           1
       12990           3
       12992           1
       12993           1
       12994           1
       12996           2
       12997           1
       12998           2
       13000           1
       13001           1
       13002           1
       13003           2
       13006           1
       13007           2
       13010           1
       13012           2
       13013           1
       13014           3
       13016           2
       13018           3
       13019           1
       13021           2
       13023           3
       13024           2
       13025           2
       13026           1
       13027           2
       13028           1
       13031           1
       13032           3
       13033           2
       13034           1
       13035           1
       13036           1
       13038           1
       13040           2
       13042           1
       13043           3
       13044           3
       13045           3
       13046           2
       13047           2
       13048           1
       13049           1
       13050           2
       13051           2
       13053           1
       13055           1
       13056           2
       13057           1
       13060           2
       13061           1
       13063           1
       13064           1
       13065           1
       13066           2
       13069           2
       13071           2
       13072           2
       13074           1
       13075           1
       13076           2
       13077           2
       13078           3
       13080           2
       13081           1
       13082           1
       13084           1
       13085           2
       13086           1
       13088           2
       13089           2
       13094           1
       13095           1
       13097           2
       13098           1
       13100           1
       13105           2
       13106           2
       13108           2
       13110           1
       13115           3
       13117           3
       13118           1
       13121           1
       13123           1
       13130           2
       13131           2
       13132           2
       13133           2
       13134           1
       13136           2
       13140           2
       13142           2
       13145           1
       13146           2
       13147           2
       13150           2
       13152           2
       13154           2
       13155           3
       13157           1
       13159           1
       13160           2
       13161           2
       13163           2
       13165           1
       13166           1
       13168           3
       13169           1
       13171           1
       13176           1
       13179           2
       13182           1
       13184           1
       13192           1
       13194           2
       13196           2
       13197           1
       13198           1
       13199           1
       13201           2
       13202           2
       13203           3
       13204           2
       13205           1
       13206           1
       13210           2
       13211           2
       13212           1
       13213           1
       13214           2
       13215           1
       13216           3
       13217           3
       13218           3
       13219           2
       13220           2
       13223           1
       13226           1
       13227           1
       13228           2
       13229           2
       13230           2
       13231           2
       13232           1
       13236           1
       13238           1
       13239           1
       13241           3
       13242           1
       13243           2
       13245           2
       13246           2
       13248           1
       13249           2
       13252           2
       13253           3
       13254           1
       13256           2
       13257           1
       13258           2
       13259           1
       13260           2
       13262           1
       13265           1
       13266           1
       13270           1
       13271           2
       13272           1
       13274           2
       13275           1
       13280           2
       13281           2
       13282           1
       13284           2
       13285           2
       13286           2
       13289           1
       13290           2
       13293           2
       13294           3
