         440
         184  2          179         180  4
         290  2          180         181  4
         299  2          143         144  4
        1776  2          192         193  4
        2043  2          190         191  4
        2138  2          174         175  4
        2667  2          171         172  4
        2848  2          200         201  4
        3312  2          169         170  4
        3322  2          172         173  4
        3330  2          161         162  4
        3337  2          162         163  4
        3345  2          178         179  4
        3437  2          187         188  4
        3468  2          189         190  4
        3473  2          144         145  4
        3474  2          148         149  4
        3485  2          198         199  4
        3508  2          193         194  4
        3516  2          191         192  4
        3865  2          173         174  4
        3869  2          168         169  4
        3936  2          163         164  4
        3950  2          188         189  4
        3958  2          147         148  4
        3969  2          194         195  4
        4083  2          195         196  4
        4233  2          199         200  4
        4354  2          136         137  4
        4369  2          137         138  4
        4452  2          132         133  4
        4500  2          207         208  4
        4689  2          135         136  4
        4693  2          120         121  4
        4703  2          131         132  4
        4724  2          133         134  4
        4749  2          134         135  4
        4751  2          208         209  4
        4766  2          130         131  4
        4768  2          119         120  4
        4774  2          128         129  4
        4782  2          209         210  4
        4788  2          211         212  4
        4793  2          210         211  4
        4799  2          214         215  4
        4804  2          215         216  4
        4805  2          123         124  4
        4806  2          216         217  4
        4812  2          217         218  4
        4816  2          122         123  4
        4818  2          121         122  4
        4819  2          218         219  4
        4823  2          118         119  4
        4824  2          221         222  4
        4825  2          222         223  4
        4916  2          170         171  4
        4949  2          129         130  4
       10608  2          158         159  4
       10927  2          184         185  4
       11255  2          146         147  4
       11385  2          220         221  4
       11555  2          196         197  4
       11613  2          157         158  4
       11706  2          155         156  4
       11710  2          177         178  4
       11727  2          145         146  4
       11757  2          183         184  4
       11769  2          182         183  4
       11791  2          203         204  4
       11842  2          213         214  4
       11877  2          117         118  4
       11929  2          219         220  4
       11956  2          140         141  4
       11967  2          152         153  4
       12022  2          159         160  4
       12024  2          206         207  4
       12025  2          150         151  4
       12030  2          126         127  4
       12151  2          185         186  4
       12159  2          166         167  4
       12195  2          202         203  4
       12197  2          176         177  4
       12202  2          224           1  4
       12203  2            3         116  4
       12241  2          197         198  4
       12259  2          139         140  4
       12285  2          125         126  4
       12429  2          156         157  4
       12483  2          151         152  4
       12489  2          181         182  4
       12516  2          204         205  4
       12532  2          127         128  4
       12568  2          212         213  4
       12598  2          160         161  4
       12631  2          164         165  4
       12656  2          186         187  4
       12694  2          141         142  4
       12808  2          165         166  4
       12813  2          205         206  4
       12819  2          149         150  4
       12897  2          153         154  4
       12956  2          142         143  4
       12962  2          116         117  4
       12989  2          167         168  4
       13038  2          201         202  4
       13042  2          175         176  4
       13044  2          223         224  4
       13082  2          138         139  4
       13086  2          154         155  4
       13145  2          124         125  4
         108  2          308         309  2
         136  2          274         275  2
         140  2          258         259  2
         261  2          285         286  2
         386  2          248         249  2
         633  2          226         227  2
         770  2          260         261  2
        1209  2          245         246  2
        2168  2          292         293  2
        2638  2          280         281  2
        3219  2          314         315  2
        3313  2          278         279  2
        3318  2          273         274  2
        3324  2          281         282  2
        3333  2          284         285  2
        3339  2          271         272  2
        3359  2          267         268  2
        3370  2          290         291  2
        3380  2          264         265  2
        3401  2          293         294  2
        3412  2          262         263  2
        3418  2          261         262  2
        3436  2          296         297  2
        3442  2          259         260  2
        3469  2          298         299  2
        3476  2          253         254  2
        3477  2          255         256  2
        3478  2          257         258  2
        3486  2          307         308  2
        3495  2          304         305  2
        3506  2          288         289  2
        3510  2          302         303  2
        3517  2          300         301  2
        3561  2          294         295  2
        3562  2          291         292  2
        3692  2          251         252  2
        3870  2          277         278  2
        3910  2          289         290  2
        3941  2          297         298  2
        3946  2          272         273  2
        3959  2          254         255  2
        3960  2          256         257  2
        3967  2          303         304  2
        3971  2          299         300  2
        3976  2          301         302  2
        3982  2          295         296  2
        3985  2          263         264  2
        4049  2          252         253  2
        4079  2          311         312  2
        4224  2          238         239  2
        4243  2          235         236  2
        4511  2          228         229  2
        4522  2          241         242  2
        4660  2          312         313  2
        4685  2          244         245  2
        4688  2          313         314  2
        4709  2          240         241  2
        4722  2          242         243  2
        4729  2          315         316  2
        4748  2          243         244  2
        4756  2          229         230  2
        4770  2          237         238  2
        4787  2          320         321  2
        4790  2          319         320  2
        4795  2          232         233  2
        4800  2          231         232  2
        4810  2          326         327  2
        4814  2          230         231  2
        4820  2          227         228  2
        4822  2          330         331  2
        4880  2          236         237  2
        4957  2          279         280  2
        4964  2          239         240  2
        9801  2          316         317  2
       10026  2          234         235  2
       10520  2          233         234  2
       11073  2          283         284  2
       11115  2          306         307  2
       11116  2          286         287  2
       11278  2          325         326  2
       11391  2          305         306  2
       11461  2          250         251  2
       11464  2          327         328  2
       11557  2          282         283  2
       11589  2          287         288  2
       11686  2          275         276  2
       11758  2          324         325  2
       11798  2          318         319  2
       11878  2          331         332  2
       11922  2          268         269  2
       11965  2          249         250  2
       12005  2          270         271  2
       12096  2          309         310  2
       12127  2          266         267  2
       12177  2          247         248  2
       12201  2          333           4  2
       12230  2          323         324  2
       12405  2          276         277  2
       12491  2          328         329  2
       12526  2          317         318  2
       12786  2          269         270  2
       12811  2          225         226  2
       12858  2          329         330  2
       12873  2          321         322  2
       12905  2          310         311  2
       12958  2          265         266  2
       12963  2          332         333  2
       13010  2          246         247  2
       13032  2            2         225  2
       13063  2          322         323  2
         137  2           87          88  1
         177  2           48          49  1
         553  2           53          54  1
         768  2           38          39  1
        3317  2           55          56  1
        3336  2           56          57  1
        3416  2           44          45  1
        3417  2           43          44  1
        3467  2           80          81  1
        3472  2           37          38  1
        3475  2           39          40  1
        3494  2           86          87  1
        3507  2           84          85  1
        3515  2           82          83  1
        3930  2           42          43  1
        3951  2           79          80  1
        3957  2           36          37  1
        3964  2           81          82  1
        3970  2           85          86  1
        3972  2           83          84  1
        3973  2           54          55  1
        3987  2           57          58  1
        4026  2           45          46  1
        4114  2           33          34  1
        4356  2           27          28  1
        4378  2           28          29  1
        4521  2           98          99  1
        4623  2           17          18  1
        4634  2          104         105  1
        4645  2           99         100  1
        4686  2           26          27  1
        4690  2           95          96  1
        4730  2           97          98  1
        4752  2           96          97  1
        4755  2          103         104  1
        4773  2           19          20  1
        4781  2           20          21  1
        4783  2          100         101  1
        4792  2          101         102  1
        4797  2           16          17  1
        4798  2          105         106  1
        4801  2           14          15  1
        4802  2          106         107  1
        4803  2          107         108  1
        4808  2           15          16  1
        4809  2           13          14  1
        4811  2          108         109  1
        4817  2           12          13  1
        4954  2          102         103  1
        4977  2           18          19  1
        9807  2           46          47  1
        9966  2           62          63  1
       10408  2           47          48  1
       10731  2           71          72  1
       10916  2            9          10  1
       11351  2           66          67  1
       11466  2           67          68  1
       11521  2           58          59  1
       11633  2          110         111  1
       11788  2           60          61  1
       11817  2           90          91  1
       11883  2           21          22  1
       11955  2           69          70  1
       12027  2           32          33  1
       12065  2            8           9  1
       12083  2           50          51  1
       12142  2           59          60  1
       12148  2           24          25  1
       12173  2           35          36  1
       12186  2           72          73  1
       12188  2           11          12  1
       12202  2            1           7  1
       12204  2           23          24  1
       12211  2          111         112  1
       12215  2           63          64  1
       12273  2           41          42  1
       12274  2           77          78  1
       12280  2           51          52  1
       12281  2           92          93  1
       12283  2           30          31  1
       12312  2           74          75  1
       12357  2          109         110  1
       12401  2           75          76  1
       12438  2           68          69  1
       12487  2           65          66  1
       12520  2           61          62  1
       12546  2           89          90  1
       12600  2           22          23  1
       12640  2           76          77  1
       12679  2           94          95  1
       12704  2           70          71  1
       12810  2           91          92  1
       12824  2           31          32  1
       12881  2           88          89  1
       12891  2           49          50  1
       12965  2            7           8  1
       12971  2           25          26  1
       13007  2           34          35  1
       13023  2           10          11  1
       13027  2           73          74  1
       13032  2          115           2  1
       13060  2           64          65  1
       13117  2          113         114  1
       13130  2           52          53  1
       13136  2           93          94  1
       13147  2           29          30  1
       13152  2           40          41  1
       13163  2           78          79  1
       13203  2          112         113  1
       13294  2          114         115  1
         181  2          335         336  3
         251  2          383         384  3
         652  2          388         389  3
        2189  2          398         399  3
        3307  2          385         386  3
        3314  2          387         388  3
        3319  2          382         383  3
        3323  2          390         391  3
        3334  2          393         394  3
        3344  2          396         397  3
        3371  2          399         400  3
        3432  2          394         395  3
        3443  2          368         369  3
        3470  2          407         408  3
        3479  2          359         360  3
        3480  2          362         363  3
        3481  2          364         365  3
        3482  2          366         367  3
        3487  2          416         417  3
        3491  2          400         401  3
        3496  2          413         414  3
        3509  2          411         412  3
        3804  2          417         418  3
        3816  2          357         358  3
        3871  2          386         387  3
        3890  2          395         396  3
        3925  2          401         402  3
        3931  2          369         370  3
        3942  2          406         407  3
        3953  2          367         368  3
        3961  2          365         366  3
        3962  2          363         364  3
        3968  2          412         413  3
        3977  2          410         411  3
        4004  2          397         398  3
        4014  2          384         385  3
        4062  2          356         357  3
        4063  2          419         420  3
        4131  2          420         421  3
        4178  2          358         359  3
        4256  2          418         419  3
        4315  2          342         343  3
        4414  2          433         434  3
        4480  2          350         351  3
        4503  2          391         392  3
        4538  2          430         431  3
        4544  2          345         346  3
        4651  2          421         422  3
        4687  2          353         354  3
        4691  2          422         423  3
        4696  2          338         339  3
        4698  2          349         350  3
        4699  2          340         341  3
        4711  2          392         393  3
        4723  2          351         352  3
        4731  2          424         425  3
        4735  2          352         353  3
        4737  2          423         424  3
        4746  2          344         345  3
        4757  2          431         432  3
        4765  2          348         349  3
        4769  2          337         338  3
        4771  2          346         347  3
        4775  2          347         348  3
        4789  2          429         430  3
        4791  2          428         429  3
        4796  2          341         342  3
        4807  2          434         435  3
        4813  2          435         436  3
        4815  2          339         340  3
        4821  2          336         337  3
        4910  2          432         433  3
        4926  2          343         344  3
       11044  2          360         361  3
       11103  2          426         427  3
       11313  2          354         355  3
       11370  2          415         416  3
       11414  2          377         378  3
       11511  2          361         362  3
       11568  2          427         428  3
       11606  2          409         410  3
       11657  2          425         426  3
       11815  2          355         356  3
       11917  2          414         415  3
       11978  2          438         439  3
       11979  2          437         438  3
       11984  2          371         372  3
       11988  2          376         377  3
       12076  2          405         406  3
       12134  2          380         381  3
       12201  2            4         334  3
       12203  2          442           3  3
       12219  2          403         404  3
       12254  2          439         440  3
       12275  2          373         374  3
       12336  2          408         409  3
       12476  2          381         382  3
       12552  2          372         373  3
       12619  2          378         379  3
       12650  2          375         376  3
       12735  2          436         437  3
       12748  2          370         371  3
       12888  2          404         405  3
       12957  2          379         380  3
       13025  2          389         390  3
       13043  2          334         335  3
       13045  2          441         442  3
       13078  2          440         441  3
       13132  2          374         375  3
       13196  2          402         403  3
