   1.64144492        0.253164560    
   1.71604037         1.01265824    
   1.79063594         1.26582277    
   1.86523151         3.92405057    
   1.93982697         4.30379725    
   2.01442266         4.68354416    
   2.08901811         7.46835423    
   2.16361356         4.17721510    
   2.23820925         7.46835423    
   2.31280470         9.62025356    
   2.38740015         23.1645565    
   2.46199560         7.84810114    
   2.53659129         7.72151899    
   2.61118674         4.30379725    
   2.68578243         4.81012678    
   2.76037788         3.16455698    
   2.83497334         1.64556956    
   2.90956879         1.77215195    
   2.98416424         1.01265824    
   3.05875993        0.379746825    
