   2.18181419        0.381315529    
   2.26300955        0.476644427    
   2.34420490         1.52526212    
   2.42539978         1.71591997    
   2.50659513         2.47855091    
   2.58779001         2.09723544    
   2.66898537         3.71782660    
   2.75018024         3.14585328    
   2.83137560         9.91420364    
   2.91257048         24.7855091    
   2.99376583         32.1258354    
   3.07496071         7.91229725    
   3.15615606         3.24118209    
   3.23735094         2.47855091    
   3.31854630        0.667302191    
   3.39974165         1.14394665    
   3.48093653        0.667302191    
   3.56213188        0.857959986    
   3.64332676        0.381315529    
   3.72452211        0.285986662    
