  0.966890216         1.75146684E-02
   1.02435338         5.25440052E-02
   1.08181655        0.113845348    
   1.13927972        0.542954743    
   1.19674289         1.78649616    
   1.25420606         3.33654428    
   1.31166923         3.49417639    
   1.36913240         3.53796315    
   1.42659557         6.48042727    
   1.48405874         19.2135906    
   1.54152191         43.3925896    
   1.59898508         7.55757952    
   1.65644825         4.58884335    
   1.71391141         2.39950967    
   1.77137458         1.36614418    
   1.82883775         1.05088007    
   1.88630092        0.577984035    
   1.94376421        0.253962696    
   2.00122738        0.210176021    
   2.05869055         2.62720026E-02
