   1.97486234        0.207900211    
   2.07175589         0.00000000    
   2.16864967        0.831600845    
   2.26554322         1.97505200    
   2.36243677         3.63825369    
   2.45933056         3.63825369    
   2.55622411         5.50935555    
   2.65311766         4.46985435    
   2.75001144         4.26195431    
   2.84690523         13.0977135    
   2.94379854         29.8336792    
   3.04069233         14.1372137    
   3.13758612         6.02910614    
   3.23447943         4.36590433    
   3.33137321         2.80665278    
   3.42826700         1.55925155    
   3.52516031         1.24740124    
   3.62205410         1.45530140    
   3.71894789        0.519750535    
   3.81584120        0.415800422    
