  0.994436443         5.65984324E-02
   1.04644668        0.273559093    
   1.09845686        0.811244249    
   1.15046716         1.67908692    
   1.20247746         3.06574845    
   1.25448763         6.01830006    
   1.30649781         6.36732388    
   1.35850811         6.25412703    
   1.41051829         7.22573328    
   1.46252847         12.7063484    
   1.51453876         29.9217052    
   1.56654906         10.8197336    
   1.61855924         5.66927671    
   1.67056942         3.29214215    
   1.72257972         2.22620511    
   1.77459002         1.66965377    
   1.82660019         1.00933874    
   1.87861037        0.490519762    
   1.93062067        0.311291397    
   1.98263085        0.132063016    
