        2245
         107           1
         112           2
         114           2
         116           1
         117           2
         120           2
         121           1
         122           1
         123           1
         127           2
         128           2
         131           1
         132           2
         133           1
         134           1
         137           1
         139           1
         143           1
         146           2
         148           2
         149           1
         151           1
         153           1
         157           2
         160           1
         168           1
         170           2
         177           2
         179           2
         180           1
         181           2
         184           1
         189           1
         192           2
         194           2
         195           2
         197           1
         198           2
         201           1
         204           1
         209           2
         211           2
         212           1
         213           1
         214           1
         217           2
         219           1
         220           1
         221           2
         222           1
         223           1
         225           3
         226           3
         227           1
         228           1
         230           2
         233           2
         235           3
         239           1
         240           2
         241           1
         244           1
         250           2
         257           1
         262           1
         266           2
         270           1
         272           2
         284           1
         285           2
         286           2
         294           1
         295           2
         301           2
         302           2
         305           1
         307           1
         317           3
         325           2
         334           1
         335           2
         343           1
         344           1
         346           2
         347           1
         350           2
         351           2
         353           2
         358           1
         359           1
         362           2
         363           1
         364           2
         365           1
         369           1
         374           2
         375           1
         383           1
         387           1
         388           1
         389           1
         397           1
         402           1
         406           2
         407           2
         408           2
         410           1
         412           1
         413           1
         423           2
         424           1
         426           2
         431           1
         434           1
         436           2
         438           2
         440           2
         442           1
         456           1
         459           2
         463           1
         465           1
         470           2
         471           2
         472           2
         478           2
         482           2
         490           1
         491           1
         494           1
         495           2
         500           2
         502           2
         503           2
         506           2
         512           2
         513           2
         514           1
         515           1
         517           1
         521           1
         525           2
         527           2
         532           1
         538           2
         542           2
         552           2
         555           2
         556           1
         562           2
         563           1
         565           2
         566           2
         567           2
         574           2
         575           1
         580           2
         585           2
         586           1
         587           2
         589           1
         595           1
         598           2
         599           2
         604           2
         606           1
         609           1
         611           1
         613           1
         615           1
         616           1
         619           2
         622           3
         624           1
         626           2
         627           1
         628           1
         631           1
         635           1
         636           2
         637           2
         638           1
         640           1
         654           1
         658           2
         660           2
         664           1
         668           1
         670           1
         678           1
         679           3
         682           2
         686           2
         688           1
         693           1
         696           3
         698           2
         711           3
         712           1
         725           3
         727           2
         756           1
         765           2
         767           2
         773           3
         776           3
         801           2
         802           1
         812           2
         814           2
         816           1
         828           2
         830           2
         840           2
         864           2
         866           2
         903           2
         914           2
         920           1
         931           2
         935           2
         942           2
         952           1
         962           2
         967           2
         978           2
         985           2
         995           3
         996           2
         998           2
        1020           2
        1044           2
        1051           2
        1053           2
        1060           1
        1070           1
        1073           1
        1077           3
        1079           1
        1114           1
        1117           2
        1129           1
        1221           2
        1225           1
        1228           2
        1256           1
        1280           2
        1295           2
        1320           1
        1327           2
        1340           2
        1373           1
        1420           1
        1431           1
        1437           2
        1443           1
        1462           2
        1471           2
        1485           2
        1491           1
        1558           1
        1607           1
        1610           1
        1620           1
        1625           1
        1693           1
        1712           1
        1716           1
        1719           1
        1739           1
        1788           1
        1810           1
        1823           1
        1827           1
        1948           2
        2038           1
        2039           1
        2091           1
        2092           2
        2135           1
        2186           1
        2212           2
        2216           1
        2229           2
        2237           2
        2248           2
        2493           1
        2606           1
        2686           1
        2711           1
        2715           1
        2793           2
        2828           1
        2859           1
        2880           2
        2895           1
        2900           1
        2907           1
        2927           1
        2933           1
        2937           1
        2942           1
        2947           2
        2953           1
        2957           1
        2964           1
        2979           1
        3018           1
        3025           1
        3066           2
        3079           1
        3090           1
        3093           1
        3110           1
        3124           1
        3164           1
        3189           2
        3265           1
        3286           1
        3319           1
        3334           2
        3349           1
        3352           2
        3357           1
        3358           1
        3359           2
        3362           2
        3363           1
        3364           2
        3367           1
        3368           2
        3369           1
        3375           1
        3378           1
        3379           2
        3381           2
        3382           1
        3384           1
        3389           2
        3390           1
        3400           1
        3404           1
        3415           1
        3416           2
        3420           2
        3425           1
        3446           1
        3447           1
        3448           1
        3453           1
        3457           1
        3461           2
        3462           2
        3463           1
        3477           2
        3481           1
        3482           1
        3487           1
        3488           2
        3511           2
        3512           1
        3513           1
        3514           2
        3516           2
        3517           1
        3518           1
        3519           2
        3520           1
        3521           1
        3522           1
        3523           2
        3524           2
        3525           2
        3526           2
        3529           1
        3530           1
        3531           2
        3535           2
        3538           2
        3539           1
        3540           2
        3550           1
        3551           2
        3552           1
        3553           2
        3554           1
        3559           2
        3560           1
        3561           1
        3590           1
        3605           1
        3606           1
        3663           1
        3705           2
        3736           1
        3757           2
        3774           1
        3847           2
        3859           2
        3878           2
        3890           2
        3894           2
        3899           1
        3900           1
        3909           1
        3913           1
        3914           1
        3915           2
        3921           1
        3934           2
        3954           1
        3969           2
        3970           1
        3974           2
        3975           2
        3980           1
        3985           1
        3986           2
        3990           1
        3994           1
        3995           2
        3997           2
        4001           2
        4002           1
        4003           1
        4004           1
        4005           2
        4006           2
        4008           2
        4009           2
        4011           1
        4012           2
        4013           1
        4014           2
        4015           1
        4016           2
        4017           2
        4020           1
        4021           2
        4026           1
        4029           1
        4031           2
        4048           2
        4058           2
        4070           2
        4093           1
        4104           2
        4106           2
        4107           2
        4123           1
        4127           1
        4158           2
        4175           2
        4196           1
        4199           2
        4216           1
        4220           2
        4222           2
        4231           1
        4255           2
        4265           2
        4267           1
        4273           2
        4276           1
        4284           2
        4286           1
        4299           2
        4323           1
        4325           1
        4336           1
        4358           2
        4396           2
        4397           1
        4399           2
        4412           1
        4421           2
        4432           2
        4433           2
        4437           1
        4448           2
        4451           2
        4457           2
        4466           1
        4484           2
        4486           1
        4495           1
        4516           2
        4520           1
        4523           2
        4528           1
        4531           2
        4533           2
        4541           2
        4543           1
        4546           2
        4554           3
        4563           1
        4564           2
        4565           1
        4566           2
        4581           2
        4587           2
        4589           1
        4600           1
        4623           1
        4666           2
        4677           2
        4688           2
        4693           2
        4694           2
        4703           1
        4704           1
        4713           2
        4714           2
        4724           1
        4729           1
        4730           2
        4731           2
        4732           1
        4733           1
        4734           2
        4735           2
        4739           2
        4741           2
        4742           2
        4746           1
        4752           1
        4754           2
        4763           2
        4765           1
        4766           2
        4767           1
        4772           1
        4773           2
        4774           2
        4777           2
        4778           2
        4780           2
        4783           2
        4785           1
        4786           1
        4789           2
        4791           1
        4792           1
        4793           2
        4794           1
        4795           2
        4798           2
        4799           1
        4800           2
        4808           2
        4809           1
        4811           1
        4812           3
        4813           1
        4814           2
        4816           2
        4817           1
        4818           2
        4824           2
        4825           1
        4826           2
        4830           1
        4831           1
        4832           2
        4833           1
        4834           2
        4835           2
        4836           1
        4838           1
        4839           2
        4840           2
        4841           2
        4842           1
        4843           1
        4844           2
        4845           2
        4846           2
        4847           1
        4848           1
        4849           2
        4850           2
        4851           2
        4852           1
        4853           2
        4854           1
        4855           2
        4856           1
        4857           2
        4858           1
        4859           2
        4860           1
        4861           1
        4862           3
        4863           3
        4864           3
        4865           3
        4866           3
        4867           3
        4868           3
        4874           3
        4881           1
        4883           1
        4917           1
        4923           1
        4944           2
        4953           2
        4959           1
        4969           2
        4985           1
        4988           2
        4993           1
        4998           2
        5001           1
        5008           1
        5013           1
        5017           2
        5018           3
        5022           2
        5026           2
        5029           2
        5041           2
        5049           1
        5053           2
        5055           2
        5064           2
        5068           1
        5070           2
        5075           1
        5077           1
        5092           3
        5099           3
        5106           3
        5108           1
        5111           3
        5122           3
        5127           3
        5130           2
        5132           3
        5144           1
        5146           1
        5148           1
        5157           1
        5160           3
        5163           1
        5182           1
        5185           2
        5196           3
        5208           2
        5209           2
        5213           3
        5217           1
        5220           1
        5221           1
        5222           3
        5223           2
        5227           2
        5229           2
        5233           1
        5245           3
        5251           1
        5265           2
        5268           2
        5276           2
        5286           2
        5292           3
        5295           2
        5296           1
        5300           1
        5306           2
        5307           1
        5314           2
        5316           2
        5322           3
        5327           2
        5328           1
        5330           3
        5339           2
        5341           1
        5344           2
        5354           1
        5361           2
        5370           2
        5376           2
        5380           1
        5385           2
        5390           1
        5396           1
        5402           1
        5403           2
        5409           2
        5414           2
        5423           1
        5428           3
        5430           1
        5436           2
        5437           1
        5448           1
        5451           1
        5456           1
        5458           1
        5460           1
        5465           2
        5468           2
        5473           1
        5485           2
        5509           1
        5511           1
        5514           1
        5516           2
        5532           1
        5537           1
        5539           2
        5540           2
        5542           2
        5543           1
        5544           1
        5547           1
        5561           2
        5571           1
        5573           2
        5575           1
        5578           2
        5582           1
        5584           2
        5588           2
        5606           2
        5607           1
        5609           1
        5611           1
        5626           1
        5627           2
        5650           1
        5653           2
        5658           2
        5661           1
        5663           2
        5668           1
        5683           1
        5684           2
        5693           1
        5697           2
        5704           1
        5705           3
        5710           2
        5712           1
        5716           2
        5719           1
        5720           1
        5726           2
        5752           1
        5758           1
        5759           2
        5767           1
        5776           3
        5780           2
        5784           2
        5789           1
        5792           1
        5799           1
        5803           1
        5806           1
        5819           3
        5823           1
        5825           2
        5831           1
        5839           2
        5841           1
        5847           2
        5858           2
        5861           1
        5875           1
        5878           1
        5895           2
        5899           1
        5904           2
        5906           2
        5910           2
        5916           1
        5923           1
        5945           2
        5952           1
        5972           1
        5980           2
        5981           2
        5984           2
        5996           2
        6011           2
        6020           2
        6023           1
        6027           1
        6029           1
        6032           2
        6040           1
        6045           2
        6058           1
        6062           1
        6070           1
        6071           2
        6078           2
        6080           2
        6093           2
        6097           2
        6112           1
        6125           2
        6127           2
        6136           1
        6146           1
        6148           2
        6150           1
        6157           2
        6162           1
        6164           2
        6173           2
        6184           2
        6186           1
        6187           1
        6189           1
        6200           1
        6204           1
        6208           1
        6209           1
        6217           2
        6221           2
        6226           1
        6231           2
        6234           2
        6243           1
        6244           2
        6255           1
        6256           2
        6272           1
        6281           2
        6284           2
        6287           1
        6291           1
        6293           1
        6296           1
        6305           2
        6309           2
        6329           1
        6337           2
        6362           1
        6379           1
        6380           2
        6387           2
        6409           1
        6418           1
        6421           1
        6429           2
        6436           2
        6438           2
        6442           1
        6454           2
        6461           1
        6498           2
        6513           2
        6516           2
        6523           1
        6537           2
        6538           1
        6548           1
        6552           2
        6565           2
        6569           1
        6570           2
        6577           2
        6580           2
        6582           1
        6600           2
        6601           1
        6605           1
        6606           2
        6623           2
        6624           2
        6634           2
        6658           2
        6664           1
        6687           2
        6691           1
        6692           1
        6695           2
        6704           1
        6730           1
        6753           2
        6773           1
        6785           2
        6807           2
        6808           2
        6811           2
        6819           2
        6838           2
        6841           2
        6861           1
        6867           2
        6921           1
        6931           1
        6936           2
        6938           2
        6952           2
        6965           1
        7036           2
        7048           2
        7068           2
        7074           2
        7078           2
        7085           1
        7097           1
        7107           1
        7123           1
        7126           2
        7156           2
        7205           1
        7210           2
        7243           2
        7250           1
        7282           2
        7306           1
        7308           1
        7332           2
        7335           2
        7339           2
        7345           2
        7347           2
        7353           2
        7362           1
        7363           2
        7366           1
        7368           1
        7373           1
        7374           1
        7375           1
        7377           2
        7401           2
        7413           1
        7424           1
        7429           2
        7441           2
        7445           2
        7447           2
        7450           2
        7459           2
        7463           2
        7480           1
        7490           2
        7496           2
        7498           1
        7503           2
        7508           2
        7513           1
        7514           2
        7543           2
        7546           2
        7547           2
        7548           2
        7549           1
        7560           1
        7564           1
        7571           1
        7576           2
        7593           2
        7609           2
        7610           1
        7616           1
        7624           1
        7631           2
        7632           1
        7641           2
        7646           2
        7653           1
        7654           1
        7668           1
        7669           2
        7673           2
        7676           1
        7678           2
        7707           1
        7714           1
        7718           1
        7721           1
        7728           1
        7739           2
        7740           2
        7748           1
        7750           1
        7764           2
        7770           2
        7781           2
        7791           2
        7792           1
        7800           1
        7802           2
        7806           1
        7808           2
        7817           1
        7835           2
        7836           2
        7848           1
        7850           2
        7888           2
        7889           2
        7904           1
        7908           1
        7921           2
        7933           1
        7945           2
        7960           1
        7966           2
        7969           1
        7974           2
        7977           1
        7983           1
        7987           1
        7988           1
        7998           2
        8005           2
        8016           2
        8045           2
        8052           1
        8065           1
        8095           1
        8106           1
        8113           1
        8114           1
        8120           2
        8123           1
        8124           1
        8129           2
        8152           1
        8174           2
        8175           2
        8199           2
        8201           1
        8211           2
        8224           1
        8232           1
        8234           2
        8238           1
        8257           1
        8268           2
        8299           1
        8305           2
        8314           2
        8338           2
        8342           2
        8372           1
        8379           1
        8389           2
        8392           2
        8397           1
        8400           2
        8413           1
        8416           2
        8434           1
        8462           1
        8466           1
        8483           1
        8488           2
        8495           1
        8499           1
        8514           1
        8527           2
        8529           1
        8532           2
        8533           1
        8540           1
        8547           2
        8561           2
        8564           2
        8583           1
        8606           2
        8608           1
        8628           1
        8633           2
        8640           2
        8642           1
        8645           2
        8646           1
        8657           1
        8670           1
        8672           1
        8686           1
        8687           1
        8689           1
        8698           2
        8701           2
        8705           1
        8716           1
        8721           2
        8726           1
        8732           1
        8738           2
        8740           2
        8755           2
        8767           1
        8774           1
        8776           2
        8784           2
        8787           2
        8788           1
        8794           1
        8796           1
        8815           1
        8817           2
        8823           1
        8880           2
        8881           2
        8912           2
        8918           2
        8920           1
        8923           2
        8930           1
        8932           1
        8952           1
        8955           1
        8957           1
        8959           1
        8973           1
        8989           2
        9000           1
        9007           2
        9017           1
        9027           1
        9030           1
        9032           1
        9035           1
        9038           1
        9041           1
        9055           1
        9061           2
        9065           2
        9067           1
        9077           1
        9092           1
        9103           1
        9109           1
        9110           2
        9139           2
        9142           1
        9160           1
        9164           1
        9178           1
        9183           1
        9184           1
        9194           1
        9204           1
        9205           2
        9214           1
        9222           2
        9224           2
        9225           2
        9230           1
        9235           1
        9237           1
        9242           1
        9253           1
        9260           1
        9267           1
        9276           2
        9279           1
        9280           1
        9291           1
        9300           2
        9313           2
        9319           2
        9325           1
        9341           2
        9345           1
        9354           2
        9355           2
        9368           1
        9377           2
        9387           2
        9388           2
        9400           1
        9417           1
        9421           2
        9449           2
        9456           1
        9463           2
        9473           2
        9484           1
        9523           1
        9528           2
        9530           1
        9561           1
        9568           2
        9578           1
        9579           1
        9607           1
        9613           2
        9627           1
        9631           2
        9645           2
        9667           1
        9689           2
        9711           2
        9712           2
        9723           2
        9739           1
        9748           1
        9750           1
        9752           2
        9779           2
        9784           1
        9789           2
        9798           2
        9804           2
        9806           1
        9814           2
        9817           2
        9818           1
        9830           2
        9835           1
        9836           1
        9850           1
        9851           2
        9855           2
        9856           2
        9858           1
        9867           2
        9891           2
        9893           1
        9894           1
        9902           1
        9919           2
        9930           2
        9941           2
        9942           2
        9971           1
        9975           2
        9985           2
       10002           2
       10012           1
       10015           2
       10025           2
       10039           1
       10041           1
       10042           2
       10043           1
       10067           1
       10072           2
       10075           1
       10076           2
       10079           2
       10091           2
       10111           2
       10123           1
       10128           2
       10144           1
       10164           1
       10165           1
       10198           2
       10200           1
       10217           2
       10232           1
       10237           2
       10246           1
       10267           1
       10278           2
       10293           2
       10317           1
       10346           1
       10358           2
       10370           1
       10372           1
       10374           2
       10402           2
       10456           2
       10457           2
       10478           2
       10493           2
       10554           2
       10562           1
       10569           1
       10608           2
       10657           1
       10684           1
       10688           1
       10691           1
       10714           1
       10718           2
       10756           1
       10780           2
       10822           1
       10828           1
       10833           2
       10853           1
       10859           2
       10882           2
       10903           2
       10927           2
       10939           1
       10959           1
       10965           3
       10972           2
       10976           1
       10986           1
       10993           2
       10998           2
       11016           2
       11030           2
       11057           2
       11066           2
       11072           2
       11093           2
       11098           2
       11106           1
       11122           1
       11128           1
       11129           1
       11130           2
       11148           2
       11151           2
       11152           2
       11157           1
       11159           2
       11164           1
       11165           1
       11177           2
       11191           2
       11207           2
       11223           2
       11226           2
       11229           1
       11231           2
       11233           1
       11239           2
       11244           1
       11245           1
       11248           1
       11253           2
       11263           1
       11266           1
       11268           1
       11271           2
       11293           1
       11294           2
       11304           1
       11306           2
       11318           2
       11327           1
       11329           2
       11330           2
       11340           2
       11343           1
       11357           2
       11362           2
       11370           2
       11372           1
       11378           2
       11384           2
       11399           1
       11400           2
       11401           2
       11403           1
       11409           2
       11412           1
       11414           1
       11415           1
       11419           2
       11421           2
       11422           2
       11424           2
       11426           2
       11431           2
       11434           1
       11440           1
       11446           2
       11456           1
       11458           1
       11463           2
       11464           1
       11473           1
       11477           1
       11481           3
       11483           2
       11496           2
       11499           2
       11504           1
       11505           2
       11511           1
       11514           1
       11516           2
       11520           1
       11526           2
       11527           2
       11529           2
       11535           2
       11538           1
       11539           1
       11552           2
       11561           2
       11565           1
       11566           1
       11567           1
       11569           1
       11571           2
       11572           1
       11580           1
       11583           2
       11587           2
       11588           2
       11590           2
       11600           2
       11603           2
       11605           1
       11607           1
       11609           2
       11612           3
       11616           2
       11618           2
       11619           2
       11620           1
       11625           1
       11629           2
       11635           1
       11639           1
       11649           1
       11654           3
       11656           2
       11663           1
       11671           2
       11680           2
       11683           2
       11685           2
       11690           1
       11694           2
       11697           2
       11706           2
       11710           1
       11711           2
       11713           2
       11717           2
       11718           1
       11724           2
       11725           2
       11727           2
       11730           1
       11733           2
       11734           1
       11736           1
       11739           2
       11740           1
       11742           1
       11743           1
       11745           2
       11751           2
       11753           2
       11754           1
       11758           1
       11759           2
       11761           1
       11762           1
       11775           1
       11780           1
       11790           1
       11792           1
       11795           1
       11797           2
       11800           2
       11802           1
       11803           2
       11805           1
       11806           1
       11810           1
       11811           2
       11814           3
       11815           1
       11817           1
       11819           2
       11820           1
       11821           1
       11822           1
       11830           2
       11832           2
       11833           1
       11836           2
       11837           2
       11839           1
       11840           2
       11846           1
       11849           2
       11859           1
       11862           1
       11863           2
       11864           2
       11865           2
       11866           1
       11870           1
       11872           1
       11873           1
       11878           1
       11885           2
       11888           2
       11890           1
       11891           1
       11898           1
       11899           1
       11902           2
       11903           2
       11904           1
       11914           2
       11917           2
       11919           2
       11920           2
       11924           3
       11926           2
       11929           2
       11930           1
       11931           2
       11932           2
       11935           2
       11936           1
       11937           3
       11942           1
       11947           2
       11949           1
       11950           1
       11951           2
       11953           1
       11954           1
       11956           2
       11957           2
       11958           2
       11963           2
       11966           1
       11967           1
       11968           1
       11970           1
       11971           2
       11973           2
       11974           2
       11975           1
       11978           2
       11981           1
       11982           3
       11983           1
       11984           2
       11985           2
       11986           1
       11991           1
       11995           2
       11999           2
       12000           2
       12001           2
       12002           1
       12006           2
       12008           1
       12011           1
       12013           1
       12014           2
       12015           1
       12016           1
       12019           2
       12024           3
       12025           2
       12026           2
       12029           1
       12030           2
       12032           1
       12034           2
       12037           1
       12040           1
       12041           1
       12042           1
       12046           2
       12048           1
       12051           1
       12053           1
       12057           2
       12058           1
       12064           2
       12065           1
       12068           1
       12070           1
       12071           1
       12072           1
       12073           2
       12085           1
       12089           1
       12091           2
       12092           2
       12093           2
       12094           2
       12096           1
       12097           2
       12100           2
       12106           2
       12107           1
       12108           1
       12110           3
       12111           3
       12113           2
       12115           2
       12116           2
       12117           3
       12119           3
       12120           2
       12122           2
       12124           1
       12129           2
       12130           1
       12133           1
       12135           1
       12136           1
       12139           2
       12140           2
       12142           1
       12144           2
       12145           2
       12146           1
       12148           1
       12150           1
       12152           2
       12156           1
       12158           1
       12160           2
       12163           2
       12165           2
       12168           1
       12169           1
       12171           2
       12173           3
       12174           1
       12176           1
       12177           2
       12178           1
       12179           1
       12181           2
       12183           1
       12184           1
       12185           2
       12186           2
       12188           2
       12189           2
       12190           1
       12193           2
       12195           2
       12196           2
       12198           1
       12200           1
       12202           2
       12203           2
       12206           1
       12207           1
       12208           1
       12210           2
       12214           2
       12216           2
       12217           2
       12220           2
       12223           2
       12224           1
       12226           2
       12227           1
       12230           2
       12231           2
       12232           2
       12233           2
       12235           2
       12237           1
       12238           2
       12239           1
       12241           2
       12242           1
       12244           1
       12247           2
       12248           3
       12249           3
       12250           2
       12254           2
       12255           1
       12256           1
       12257           3
       12260           2
       12261           2
       12262           1
       12264           2
       12265           2
       12267           2
       12268           2
       12269           2
       12273           2
       12274           2
       12276           1
       12279           1
       12283           1
       12285           2
       12287           1
       12288           2
       12290           2
       12292           2
       12297           2
       12299           1
       12300           3
       12303           2
       12305           1
       12309           2
       12312           1
       12313           1
       12317           2
       12318           2
       12319           2
       12320           2
       12321           2
       12322           1
       12325           2
       12326           2
       12327           2
       12329           2
       12331           1
       12332           2
       12334           2
       12335           1
       12336           1
       12337           2
       12338           2
       12339           1
       12342           1
       12343           3
       12344           2
       12345           2
       12346           1
       12347           1
       12348           1
       12350           2
       12351           2
       12354           2
       12355           1
       12357           2
       12358           2
       12367           1
       12370           2
       12371           1
       12372           1
       12375           1
       12380           2
       12381           3
       12383           2
       12389           1
       12394           1
       12397           2
       12404           2
       12405           2
       12406           1
       12410           2
       12413           1
       12414           1
       12418           2
       12419           2
       12420           1
       12425           2
       12428           2
       12438           2
       12441           2
       12449           2
       12452           2
       12453           1
       12454           1
       12455           2
       12460           1
       12461           3
       12464           2
       12466           2
       12467           2
       12471           1
       12474           2
       12475           1
       12477           1
       12482           2
       12484           2
       12485           1
       12486           2
       12489           2
       12491           1
       12494           1
       12495           2
       12499           2
       12500           2
       12501           1
       12502           1
       12503           2
       12507           2
       12508           2
       12510           2
       12512           1
       12515           3
       12516           1
       12517           2
       12518           2
       12519           1
       12520           3
       12521           2
       12524           2
       12526           2
       12527           1
       12531           1
       12533           1
       12534           2
       12535           2
       12537           1
       12538           1
       12539           1
       12540           2
       12544           2
       12545           2
       12546           2
       12548           2
       12549           2
       12550           2
       12551           1
       12552           1
       12554           1
       12555           1
       12559           2
       12564           1
       12567           2
       12568           2
       12569           2
       12570           1
       12572           2
       12574           1
       12575           1
       12577           1
       12580           1
       12581           2
       12582           3
       12585           1
       12586           1
       12590           2
       12591           2
       12592           2
       12594           2
       12596           1
       12597           2
       12598           2
       12600           2
       12605           2
       12606           1
       12607           1
       12612           1
       12615           1
       12616           1
       12619           1
       12621           2
       12622           2
       12625           2
       12626           3
       12629           2
       12630           2
       12638           2
       12639           1
       12640           1
       12642           2
       12643           1
       12645           1
       12647           2
       12650           2
       12652           2
       12655           2
       12656           1
       12658           3
       12660           1
       12663           1
       12666           2
       12667           1
       12668           1
       12669           2
       12671           2
       12673           2
       12674           2
       12676           1
       12677           1
       12683           1
       12684           2
       12686           2
       12688           1
       12689           1
       12690           1
       12691           2
       12692           2
       12693           2
       12694           1
       12695           1
       12696           2
       12697           1
       12699           2
       12702           1
       12715           1
       12716           1
       12718           2
       12719           2
       12725           2
       12728           1
       12731           1
       12733           2
       12734           1
       12736           2
       12738           1
       12740           1
       12741           1
       12745           1
       12747           2
       12750           2
       12752           2
       12756           1
       12759           1
       12764           1
       12769           2
       12770           1
       12773           1
       12777           1
       12780           2
       12781           2
       12782           1
       12784           1
       12786           1
       12787           1
       12789           1
       12794           2
       12796           3
       12800           2
       12801           1
       12802           1
       12806           1
       12807           2
       12808           1
       12817           1
       12819           2
       12821           2
       12824           2
       12827           3
       12828           2
       12830           1
       12832           1
       12833           2
       12837           2
       12838           2
       12839           2
       12843           1
       12844           2
       12845           1
       12846           1
       12847           1
       12848           1
       12850           2
       12852           2
       12854           1
       12855           1
       12856           2
       12857           3
       12859           1
       12860           1
       12861           2
       12863           2
       12864           1
       12865           1
       12866           2
       12868           1
       12870           2
       12873           1
       12875           1
       12878           2
       12880           2
       12881           2
       12883           2
       12884           1
       12885           1
       12887           1
       12889           2
       12891           1
       12892           1
       12895           2
       12897           2
       12899           1
       12902           1
       12903           3
       12904           1
       12908           2
       12910           1
       12912           2
       12916           2
       12918           1
       12919           1
       12920           2
       12922           3
       12924           1
       12926           2
       12927           2
       12928           2
       12929           1
       12933           2
       12934           1
       12936           2
       12937           2
       12939           1
       12940           2
       12942           1
       12943           1
       12946           2
       12950           1
       12951           1
       12952           1
       12953           2
       12955           1
       12956           2
       12958           2
       12959           3
       12960           2
       12961           1
       12962           2
       12963           1
       12964           2
       12966           2
       12970           2
       12971           1
       12972           1
       12974           2
       12976           2
       12977           1
       12978           1
       12979           2
       12980           3
       12982           1
       12983           2
       12984           1
       12985           2
       12986           1
       12988           2
       12990           2
       12995           2
       12996           1
       12997           3
       12999           2
       13001           1
       13002           2
       13003           1
       13004           2
       13006           1
       13007           3
       13008           2
       13009           3
       13010           2
       13012           2
       13013           1
       13014           1
       13015           2
       13017           1
       13018           2
       13019           1
       13020           2
       13021           1
       13023           2
       13024           2
       13025           1
       13026           2
       13027           2
       13028           2
       13029           2
       13031           2
       13032           2
       13033           1
       13035           1
       13036           1
       13037           3
       13038           1
       13040           2
       13041           1
       13042           2
       13044           1
       13045           1
       13046           1
       13047           2
       13050           1
       13051           2
       13054           1
       13056           2
       13057           1
       13058           3
       13060           2
       13062           3
       13063           1
       13065           2
       13067           3
       13068           2
       13069           2
       13070           1
       13071           2
       13072           1
       13075           1
       13076           3
       13077           2
       13078           1
       13079           1
       13080           1
       13082           1
       13083           3
       13085           2
       13087           1
       13088           3
       13089           3
       13090           2
       13091           2
       13092           1
       13093           1
       13094           2
       13095           2
       13097           1
       13099           1
       13100           2
       13101           1
       13104           2
       13105           1
       13107           1
       13108           1
       13109           1
       13110           2
       13113           2
       13115           2
       13116           2
       13118           1
       13119           1
       13120           2
       13121           2
       13122           3
       13124           2
       13125           1
       13126           1
       13128           1
       13129           2
       13130           1
       13132           2
       13133           2
       13138           1
       13139           1
       13141           2
       13142           1
       13144           1
       13149           2
       13150           2
       13152           2
       13154           1
       13159           3
       13161           3
       13162           1
       13165           1
       13167           1
       13174           2
       13175           2
       13176           2
       13177           2
       13178           1
       13180           2
       13184           2
       13186           2
       13189           1
       13190           2
       13191           2
       13194           2
       13196           2
       13198           2
       13199           3
       13201           1
       13203           1
       13204           2
       13205           2
       13207           2
       13209           1
       13210           1
       13212           1
       13214           1
       13219           1
       13222           2
       13225           1
       13227           1
       13235           1
       13236           1
       13238           2
       13240           2
       13241           1
       13242           1
       13243           1
       13245           2
       13246           2
       13247           3
       13248           2
       13249           1
       13250           1
       13254           2
       13255           2
       13256           1
       13257           1
       13258           2
       13259           1
       13260           3
       13261           3
       13262           2
       13263           2
       13266           1
       13269           1
       13270           1
       13271           2
       13272           2
       13273           2
       13274           2
       13275           1
       13279           1
       13281           1
       13282           1
       13284           3
       13285           1
       13286           2
       13287           3
       13289           2
       13290           2
       13292           3
       13293           1
       13294           2
       13297           2
       13298           3
       13299           1
       13301           2
       13302           1
       13303           2
       13304           1
       13305           2
       13307           1
       13310           1
       13311           1
       13315           1
       13316           2
       13317           1
       13319           2
       13320           1
       13325           2
       13326           2
       13327           1
       13329           2
       13330           2
       13331           2
       13334           1
       13335           2
       13338           2
       13339           3
