440
153 2 308 309 2
180 2 274 275 2
181 2 88 87 1
184 2 258 259 2
221 2 48 49 1
225 2 336 335 3
228 2 179 180 4
295 2 384 383 3
305 2 285 286 2
334 2 180 181 4
343 2 144 143 4
431 2 248 249 2
598 2 53 54 1
679 2 226 227 2
698 2 388 389 3
814 2 38 39 1
816 2 260 261 2
1256 2 245 246 2
1823 2 192 193 4
2091 2 190 191 4
2186 2 174 175 4
2216 2 292 293 2
2237 2 398 399 3
2686 2 280 281 2
2715 2 171 172 4
2895 2 200 201 4
3265 2 314 315 2
3352 2 385 386 3
3357 2 169 170 4
3358 2 278 279 2
3359 2 387 388 3
3362 2 56 55 1
3363 2 273 274 2
3364 2 382 383 3
3367 2 172 173 4
3368 2 390 391 3
3369 2 281 282 2
3375 2 161 162 4
3378 2 284 285 2
3379 2 393 394 3
3381 2 56 57 1
3382 2 162 163 4
3384 2 272 271 2
3389 2 396 397 3
3390 2 178 179 4
3404 2 267 268 2
3415 2 290 291 2
3416 2 400 399 3
3425 2 264 265 2
3446 2 293 294 2
3457 2 262 263 2
3461 2 44 45 1
3462 2 43 44 1
3463 2 261 262 2
3477 2 394 395 3
3481 2 296 297 2
3482 2 187 188 4
3487 2 259 260 2
3488 2 368 369 3
3511 2 80 81 1
3512 2 189 190 4
3513 2 298 299 2
3514 2 408 407 3
3516 2 37 38 1
3517 2 144 145 4
3518 2 148 149 4
3519 2 40 39 1
3520 2 253 254 2
3521 2 256 255 2
3522 2 257 258 2
3523 2 360 359 3
3524 2 362 363 3
3525 2 364 365 3
3526 2 366 367 3
3529 2 198 199 4
3530 2 307 308 2
3531 2 416 417 3
3535 2 400 401 3
3538 2 86 87 1
3539 2 304 305 2
3540 2 413 414 3
3550 2 288 289 2
3551 2 84 85 1
3552 2 193 194 4
3553 2 411 412 3
3554 2 302 303 2
3559 2 82 83 1
3560 2 192 191 4
3561 2 300 301 2
3605 2 294 295 2
3606 2 291 292 2
3736 2 251 252 2
3847 2 417 418 3
3859 2 357 358 3
3909 2 173 174 4
3913 2 168 169 4
3914 2 277 278 2
3915 2 386 387 3
3934 2 395 396 3
3954 2 289 290 2
3969 2 401 402 3
3974 2 42 43 1
3975 2 369 370 3
3980 2 163 164 4
3985 2 297 298 2
3986 2 406 407 3
3990 2 272 273 2
3994 2 188 189 4
3995 2 80 79 1
3997 2 368 367 3
4001 2 36 37 1
4002 2 147 148 4
4003 2 254 255 2
4004 2 256 257 2
4005 2 365 366 3
4006 2 363 364 3
4008 2 81 82 1
4011 2 304 303 2
4012 2 412 413 3
4013 2 194 195 4
4014 2 85 86 1
4015 2 299 300 2
4016 2 83 84 1
4017 2 54 55 1
4020 2 301 302 2
4021 2 410 411 3
4026 2 296 295 2
4029 2 264 263 2
4031 2 57 58 1
4048 2 397 398 3
4058 2 384 385 3
4070 2 45 46 1
4093 2 252 253 2
4106 2 356 357 3
4107 2 419 420 3
4123 2 312 311 2
4127 2 195 196 4
4158 2 33 34 1
4175 2 420 421 3
4222 2 358 359 3
4267 2 238 239 2
4276 2 200 199 4
4286 2 235 236 2
4299 2 418 419 3
4358 2 342 343 3
4397 2 136 137 4
4399 2 27 28 1
4412 2 137 138 4
4421 2 28 29 1
4457 2 433 434 3
4495 2 132 133 4
4523 2 350 351 3
4543 2 208 207 4
4546 2 392 391 3
4554 2 228 229 2
4564 2 98 99 1
4565 2 241 242 2
4581 2 430 431 3
4587 2 345 346 3
4666 2 17 18 1
4677 2 104 105 1
4688 2 99 100 1
4694 2 421 422 3
4703 2 312 313 2
4704 2 120 121 4
4729 2 244 245 2
4730 2 26 27 1
4731 2 353 354 3
4732 2 313 314 2
4733 2 136 135 4
4734 2 96 95 1
4735 2 422 423 3
4739 2 338 339 3
4741 2 349 350 3
4742 2 340 341 3
4746 2 131 132 4
4752 2 240 241 2
4754 2 392 393 3
4765 2 242 243 2
4766 2 352 351 3
4767 2 133 134 4
4772 2 315 316 2
4773 2 97 98 1
4774 2 424 425 3
4778 2 352 353 3
4780 2 424 423 3
4789 2 344 345 3
4791 2 243 244 2
4792 2 134 135 4
4794 2 208 209 4
4795 2 96 97 1
4798 2 104 103 1
4799 2 229 230 2
4800 2 432 431 3
4808 2 348 349 3
4809 2 130 131 4
4811 2 120 119 4
4812 2 337 338 3
4813 2 237 238 2
4814 2 346 347 3
4816 2 19 20 1
4817 2 128 129 4
4818 2 347 348 3
4824 2 20 21 1
4825 2 209 210 4
4826 2 100 101 1
4830 2 320 321 2
4831 2 211 212 4
4832 2 429 430 3
4833 2 320 319 2
4834 2 428 429 3
4835 2 101 102 1
4836 2 210 211 4
4838 2 232 233 2
4839 2 341 342 3
4840 2 16 17 1
4841 2 105 106 1
4842 2 214 215 4
4843 2 232 231 2
4844 2 14 15 1
4845 2 106 107 1
4846 2 107 108 1
4847 2 216 215 4
4848 2 216 217 4
4849 2 434 435 3
4850 2 16 15 1
4851 2 13 14 1
4852 2 326 327 2
4853 2 108 109 1
4854 2 217 218 4
4855 2 435 436 3
4856 2 230 231 2
4857 2 339 340 3
4858 2 122 123 4
4859 2 12 13 1
4860 2 121 122 4
4861 2 218 219 4
4862 2 227 228 2
4863 2 336 337 3
4864 2 330 331 2
4865 2 118 119 4
4866 2 221 222 4
4867 2 222 223 4
4868 2 117 118 4
4923 2 236 237 2
4953 2 432 433 3
4959 2 170 171 4
4969 2 344 343 3
4993 2 129 130 4
4998 2 102 103 1
5001 2 280 279 2
5008 2 240 239 2
5022 2 18 19 1
9850 2 316 317 2
9856 2 46 47 1
10015 2 62 63 1
10075 2 234 235 2
10457 2 48 47 1
10569 2 233 234 2
10657 2 158 159 4
10780 2 72 71 1
10965 2 9 10 1
10976 2 184 185 4
11093 2 360 361 3
11122 2 283 284 2
11152 2 426 427 3
11164 2 306 307 2
11165 2 286 287 2
11304 2 146 147 4
11327 2 325 326 2
11362 2 354 355 3
11400 2 66 67 1
11419 2 416 415 3
11434 2 220 221 4
11440 2 305 306 2
11463 2 377 378 3
11504 2 125 126 4
11511 2 250 251 2
11514 2 328 327 2
11516 2 67 68 1
11561 2 361 362 3
11571 2 58 59 1
11605 2 196 197 4
11607 2 282 283 2
11618 2 427 428 3
11639 2 288 287 2
11656 2 409 410 3
11663 2 157 158 4
11683 2 110 111 1
11706 2 425 426 3
11734 2 275 276 2
11754 2 155 156 4
11758 2 177 178 4
11775 2 145 146 4
11805 2 184 183 4
11806 2 324 325 2
11817 2 182 183 4
11836 2 60 61 1
11839 2 203 204 4
11846 2 318 319 2
11863 2 355 356 3
11865 2 90 91 1
11890 2 213 214 4
11924 2 331 332 2
11929 2 21 22 1
11963 2 414 415 3
11968 2 268 269 2
11975 2 219 220 4
12001 2 69 70 1
12002 2 140 141 4
12011 2 249 250 2
12013 2 152 153 4
12024 2 438 439 3
12025 2 437 438 3
12030 2 371 372 3
12034 2 376 377 3
12051 2 270 271 2
12068 2 160 159 4
12070 2 206 207 4
12071 2 150 151 4
12073 2 32 33 1
12110 2 8 9 1
12122 2 405 406 3
12129 2 50 51 1
12142 2 309 310 2
12174 2 266 267 2
12181 2 380 381 3
12189 2 59 60 1
12195 2 24 25 1
12198 2 185 186 4
12206 2 166 167 4
12220 2 35 36 1
12224 2 248 247 2
12233 2 72 73 1
12235 2 11 12 1
12242 2 202 203 4
12244 2 176 177 4
12248 2 4 333 2
12248 2 4 334 3
12249 2 1 7 1
12249 2 224 1 4
12250 2 24 23 1
12257 2 112 111 1
12261 2 64 63 1
12265 2 403 404 3
12276 2 323 324 2
12287 2 197 198 4
12300 2 440 439 3
12305 2 139 140 4
12319 2 41 42 1
12320 2 77 78 1
12321 2 373 374 3
12326 2 51 52 1
12327 2 92 93 1
12329 2 30 31 1
12331 2 123 124 4
12358 2 74 75 1
12381 2 442 3 3
12381 2 3 116 4
12383 2 408 409 3
12404 2 109 110 1
12406 2 126 127 4
12449 2 75 76 1
12453 2 276 277 2
12477 2 156 157 4
12486 2 68 69 1
12524 2 381 382 3
12531 2 152 151 4
12535 2 65 66 1
12537 2 181 182 4
12539 2 328 329 2
12564 2 204 205 4
12568 2 61 62 1
12574 2 317 318 2
12580 2 128 127 4
12594 2 89 90 1
12600 2 372 373 3
12615 2 212 213 4
12645 2 160 161 4
12647 2 22 23 1
12666 2 378 379 3
12677 2 164 165 4
12686 2 76 77 1
12696 2 376 375 3
12702 2 186 187 4
12725 2 94 95 1
12740 2 141 142 4
12750 2 70 71 1
12781 2 436 437 3
12794 2 370 371 3
12832 2 269 270 2
12854 2 165 166 4
12856 2 91 92 1
12857 2 225 226 2
12859 2 205 206 4
12865 2 149 150 4
12870 2 32 31 1
12903 2 329 330 2
12918 2 321 322 2
12926 2 88 89 1
12933 2 404 405 3
12936 2 49 50 1
12942 2 153 154 4
12950 2 310 311 2
13001 2 142 143 4
13002 2 379 380 3
13003 2 265 266 2
13007 2 332 333 2
13009 2 8 7 1
13015 2 25 26 1
13033 2 168 167 4
13051 2 34 35 1
13054 2 246 247 2
13067 2 10 11 1
13069 2 389 390 3
13071 2 73 74 1
13076 2 2 115 1
13076 2 225 2 2
13082 2 201 202 4
13083 2 116 117 4
13087 2 176 175 4
13088 2 334 335 3
13089 2 224 223 4
13104 2 64 65 1
13107 2 322 323 2
13122 2 440 441 3
13126 2 138 139 4
13130 2 154 155 4
13161 2 113 114 1
13174 2 52 53 1
13176 2 374 375 3
13180 2 93 94 1
13189 2 124 125 4
13191 2 29 30 1
13196 2 40 41 1
13207 2 78 79 1
13240 2 402 403 3
13247 2 112 113 1
13292 2 441 442 3
13339 2 114 115 1
