   2.21701002        0.382043928    
   2.29783773        0.764087856    
   2.37866545        0.573065877    
   2.45949292         1.33715379    
   2.54032040         2.29226351    
   2.62114811         2.00573063    
   2.70197558         2.67430758    
   2.78280306         5.92168093    
   2.86363077         11.1747847    
   2.94445848         39.2550125    
   3.02528572         23.5912132    
   3.10611343         4.29799414    
   3.18694115         1.91021967    
   3.26776862         1.05062079    
   3.34859610        0.477554917    
   3.42942381        0.573065877    
   3.51025128        0.573065877    
   3.59107876        0.477554917    
   3.67190647        0.286532938    
   3.75273418        0.382043928    
