   1.01115298         9.51565355E-02
   1.06504512        0.285469592    
   1.11893725        0.875440121    
   1.17282939         2.03634977    
   1.22672164         5.05281210    
   1.28061378         7.13673973    
   1.33450592         6.50870705    
   1.38839817         6.57531643    
   1.44229031         10.0390139    
   1.49618244         26.2632027    
   1.55007458         18.4698830    
   1.60396683         6.47064400    
   1.65785897         3.65401077    
   1.71175122         2.63583589    
   1.76564336         1.80797410    
   1.81953549         1.13236272    
   1.87342763        0.475782663    
   1.92731977        0.237891331    
   1.98121214        0.152250454    
   2.03510427         9.51565355E-02
