        2245
          10           1
          15           2
          17           2
          19           1
          20           2
          23           2
          24           1
          25           1
          26           1
          30           2
          31           2
          34           1
          35           2
          36           1
          37           1
          40           1
          42           1
          46           1
          49           2
          51           2
          52           1
          54           1
          56           1
          60           2
          63           1
          71           1
          73           2
          80           2
          82           2
          83           1
          84           2
          87           1
          92           1
          95           2
          97           2
          98           2
         100           1
         101           2
         104           1
         107           1
         112           2
         114           2
         115           1
         116           1
         117           1
         120           2
         122           1
         123           1
         124           2
         125           1
         126           1
         128           3
         129           3
         130           1
         131           1
         133           2
         136           2
         138           3
         142           1
         143           2
         144           1
         147           1
         153           2
         160           1
         165           1
         169           2
         173           1
         175           2
         187           1
         188           2
         189           2
         197           1
         198           2
         204           2
         205           2
         208           1
         210           1
         220           3
         228           2
         237           1
         238           2
         246           1
         247           1
         249           2
         250           1
         253           2
         254           2
         256           2
         261           1
         262           1
         265           2
         266           1
         267           2
         268           1
         272           1
         277           2
         278           1
         286           1
         290           1
         291           1
         292           1
         300           1
         305           1
         309           2
         310           2
         311           2
         313           1
         315           1
         316           1
         326           2
         327           1
         329           2
         334           1
         337           1
         339           2
         341           2
         343           2
         345           1
         359           1
         362           2
         366           1
         368           1
         373           2
         374           2
         375           2
         381           2
         385           2
         393           1
         394           1
         397           1
         398           2
         403           2
         405           2
         406           2
         409           2
         415           2
         416           2
         417           1
         418           1
         420           1
         424           1
         428           2
         430           2
         435           1
         441           2
         445           2
         455           2
         458           2
         459           1
         465           2
         466           1
         468           2
         469           2
         470           2
         477           2
         478           1
         483           2
         488           2
         489           1
         490           2
         492           1
         498           1
         501           2
         502           2
         507           2
         509           1
         512           1
         514           1
         516           1
         518           1
         519           1
         522           2
         525           3
         527           1
         529           2
         530           1
         531           1
         534           1
         538           1
         539           2
         540           2
         541           1
         543           1
         557           1
         561           2
         563           2
         567           1
         571           1
         573           1
         581           1
         582           3
         585           2
         589           2
         591           1
         596           1
         599           3
         601           2
         614           3
         615           1
         628           3
         630           2
         659           1
         668           2
         670           2
         676           3
         679           3
         704           2
         705           1
         715           2
         717           2
         719           1
         731           2
         733           2
         743           2
         767           2
         769           2
         806           2
         817           2
         823           1
         834           2
         838           2
         845           2
         855           1
         865           2
         870           2
         881           2
         888           2
         898           3
         899           2
         901           2
         923           2
         947           2
         954           2
         956           2
         963           1
         973           1
         976           1
         980           3
         982           1
        1017           1
        1020           2
        1032           1
        1124           2
        1128           1
        1131           2
        1159           1
        1183           2
        1198           2
        1223           1
        1230           2
        1243           2
        1276           1
        1323           1
        1334           1
        1340           2
        1346           1
        1365           2
        1374           2
        1388           2
        1394           1
        1461           1
        1510           1
        1513           1
        1523           1
        1528           1
        1596           1
        1615           1
        1619           1
        1622           1
        1642           1
        1691           1
        1713           1
        1726           1
        1730           1
        1851           2
        1941           1
        1942           1
        1994           1
        1995           2
        2038           1
        2089           1
        2115           2
        2119           1
        2132           2
        2140           2
        2151           2
        2396           1
        2509           1
        2589           1
        2614           1
        2618           1
        2696           2
        2731           1
        2762           1
        2783           2
        2798           1
        2803           1
        2810           1
        2830           1
        2836           1
        2840           1
        2845           1
        2850           2
        2856           1
        2860           1
        2867           1
        2882           1
        2921           1
        2928           1
        2969           2
        2982           1
        2993           1
        2996           1
        3013           1
        3027           1
        3067           1
        3092           2
        3168           1
        3189           1
        3222           1
        3237           2
        3252           1
        3255           2
        3260           1
        3261           1
        3262           2
        3265           2
        3266           1
        3267           2
        3270           1
        3271           2
        3272           1
        3278           1
        3281           1
        3282           2
        3284           2
        3285           1
        3287           1
        3292           2
        3293           1
        3303           1
        3307           1
        3318           1
        3319           2
        3323           2
        3328           1
        3349           1
        3350           1
        3351           1
        3356           1
        3360           1
        3364           2
        3365           2
        3366           1
        3380           2
        3384           1
        3385           1
        3390           1
        3391           2
        3414           2
        3415           1
        3416           1
        3417           2
        3419           2
        3420           1
        3421           1
        3422           2
        3423           1
        3424           1
        3425           1
        3426           2
        3427           2
        3428           2
        3429           2
        3432           1
        3433           1
        3434           2
        3438           2
        3441           2
        3442           1
        3443           2
        3453           1
        3454           2
        3455           1
        3456           2
        3457           1
        3462           2
        3463           1
        3464           1
        3493           1
        3508           1
        3509           1
        3566           1
        3608           2
        3639           1
        3660           2
        3677           1
        3750           2
        3762           2
        3781           2
        3793           2
        3797           2
        3802           1
        3803           1
        3812           1
        3816           1
        3817           1
        3818           2
        3824           1
        3837           2
        3857           1
        3872           2
        3873           1
        3877           2
        3878           2
        3883           1
        3888           1
        3889           2
        3893           1
        3897           1
        3898           2
        3900           2
        3904           2
        3905           1
        3906           1
        3907           1
        3908           2
        3909           2
        3911           2
        3912           2
        3914           1
        3915           2
        3916           1
        3917           2
        3918           1
        3919           2
        3920           2
        3923           1
        3924           2
        3929           1
        3932           1
        3934           2
        3951           2
        3961           2
        3973           2
        3996           1
        4007           2
        4009           2
        4010           2
        4026           1
        4030           1
        4061           2
        4078           2
        4099           1
        4102           2
        4119           1
        4123           2
        4125           2
        4134           1
        4158           2
        4168           2
        4170           1
        4176           2
        4179           1
        4187           2
        4189           1
        4202           2
        4226           1
        4228           1
        4239           1
        4261           2
        4299           2
        4300           1
        4302           2
        4315           1
        4324           2
        4335           2
        4336           2
        4340           1
        4351           2
        4354           2
        4360           2
        4369           1
        4387           2
        4389           1
        4398           1
        4419           2
        4423           1
        4426           2
        4431           1
        4434           2
        4436           2
        4444           2
        4446           1
        4449           2
        4457           3
        4466           1
        4467           2
        4468           1
        4469           2
        4484           2
        4490           2
        4492           1
        4503           1
        4526           1
        4569           2
        4580           2
        4591           2
        4596           2
        4597           2
        4606           1
        4607           1
        4616           2
        4617           2
        4627           1
        4632           2
        4633           2
        4634           1
        4635           2
        4636           1
        4637           1
        4638           2
        4642           2
        4644           2
        4645           2
        4649           1
        4655           1
        4657           2
        4666           2
        4668           2
        4669           1
        4670           1
        4675           2
        4676           1
        4677           2
        4680           2
        4681           2
        4683           2
        4686           2
        4688           1
        4690           1
        4692           2
        4694           1
        4695           1
        4696           2
        4697           1
        4698           2
        4701           2
        4702           1
        4703           2
        4711           2
        4712           1
        4714           1
        4715           3
        4716           2
        4717           1
        4719           2
        4720           1
        4721           2
        4727           2
        4728           2
        4729           1
        4733           1
        4734           1
        4735           2
        4736           1
        4737           2
        4738           2
        4739           1
        4741           2
        4742           1
        4743           2
        4744           2
        4745           1
        4746           1
        4747           2
        4748           2
        4749           2
        4750           1
        4751           1
        4752           2
        4753           2
        4754           2
        4755           2
        4756           1
        4757           1
        4758           2
        4759           2
        4760           1
        4761           1
        4762           2
        4763           1
        4764           1
        4765           3
        4766           3
        4767           3
        4768           3
        4769           3
        4770           3
        4771           3
        4777           3
        4784           1
        4786           1
        4820           1
        4826           1
        4847           2
        4856           2
        4862           1
        4872           2
        4888           1
        4891           2
        4896           1
        4901           2
        4904           1
        4911           1
        4916           1
        4920           2
        4921           3
        4925           2
        4929           2
        4932           2
        4944           2
        4952           1
        4956           2
        4958           2
        4967           2
        4971           1
        4973           2
        4978           1
        4980           1
        4995           3
        5002           3
        5009           3
        5011           1
        5014           3
        5025           3
        5030           3
        5033           2
        5035           3
        5047           1
        5049           1
        5051           1
        5060           1
        5063           3
        5066           1
        5085           1
        5088           2
        5099           3
        5111           2
        5112           2
        5116           3
        5120           1
        5123           1
        5124           1
        5125           3
        5126           2
        5130           2
        5132           2
        5136           1
        5148           3
        5154           1
        5168           2
        5171           2
        5179           2
        5189           2
        5195           3
        5198           2
        5199           1
        5203           1
        5209           2
        5210           1
        5217           2
        5219           2
        5225           3
        5230           2
        5231           1
        5233           3
        5242           2
        5244           1
        5247           2
        5257           1
        5264           2
        5273           2
        5279           2
        5283           1
        5288           2
        5293           1
        5299           1
        5305           1
        5306           2
        5312           2
        5317           2
        5326           1
        5331           3
        5333           1
        5339           2
        5340           1
        5351           1
        5354           1
        5359           1
        5361           1
        5363           1
        5368           2
        5371           2
        5376           1
        5388           2
        5412           1
        5414           1
        5418           1
        5419           2
        5435           1
        5440           1
        5442           2
        5443           2
        5445           2
        5446           1
        5447           1
        5450           1
        5464           2
        5474           1
        5476           2
        5478           1
        5481           2
        5485           1
        5487           2
        5491           2
        5509           2
        5510           1
        5512           1
        5514           1
        5529           1
        5530           2
        5553           1
        5556           2
        5561           2
        5564           1
        5566           2
        5571           1
        5586           1
        5587           2
        5596           1
        5600           2
        5607           1
        5608           3
        5613           2
        5615           1
        5619           2
        5622           1
        5623           1
        5629           2
        5655           1
        5661           1
        5662           2
        5670           1
        5679           3
        5683           2
        5687           2
        5692           1
        5695           1
        5702           1
        5706           1
        5709           1
        5722           3
        5726           1
        5728           2
        5734           1
        5742           2
        5744           1
        5750           2
        5761           2
        5764           1
        5778           1
        5781           1
        5798           2
        5802           1
        5807           2
        5809           2
        5813           2
        5819           1
        5826           1
        5848           2
        5855           1
        5875           1
        5883           2
        5884           2
        5887           2
        5899           2
        5914           2
        5923           2
        5926           1
        5930           1
        5932           1
        5935           2
        5943           1
        5948           2
        5961           1
        5965           1
        5973           1
        5974           2
        5981           2
        5983           2
        5996           2
        6000           2
        6015           1
        6028           2
        6029           2
        6039           1
        6049           1
        6051           2
        6053           1
        6060           2
        6065           1
        6067           2
        6076           2
        6087           2
        6089           1
        6090           1
        6092           1
        6103           1
        6107           1
        6111           1
        6112           1
        6120           2
        6124           2
        6129           1
        6134           2
        6137           2
        6146           1
        6147           2
        6158           1
        6159           2
        6175           1
        6184           2
        6187           2
        6190           1
        6194           1
        6196           1
        6199           1
        6208           2
        6212           2
        6232           1
        6240           2
        6265           1
        6282           1
        6283           2
        6290           2
        6312           1
        6321           1
        6324           1
        6332           2
        6339           2
        6341           2
        6345           1
        6357           2
        6364           1
        6401           2
        6416           2
        6419           2
        6426           1
        6440           2
        6441           1
        6451           1
        6455           2
        6468           2
        6472           1
        6473           2
        6480           2
        6483           2
        6485           1
        6503           2
        6504           1
        6508           1
        6509           2
        6526           2
        6527           2
        6537           2
        6561           2
        6567           1
        6590           2
        6594           1
        6595           1
        6598           2
        6607           1
        6633           1
        6656           2
        6676           1
        6688           2
        6710           2
        6711           2
        6714           2
        6722           2
        6741           2
        6744           2
        6764           1
        6770           2
        6824           1
        6834           1
        6839           2
        6841           2
        6855           2
        6868           1
        6939           2
        6951           2
        6971           2
        6977           2
        6981           2
        6988           1
        7000           1
        7010           1
        7026           1
        7029           2
        7059           2
        7108           1
        7113           2
        7146           2
        7153           1
        7185           2
        7209           1
        7211           1
        7235           2
        7238           2
        7242           2
        7248           2
        7250           2
        7256           2
        7265           1
        7266           2
        7269           1
        7271           1
        7276           1
        7277           1
        7278           1
        7280           2
        7304           2
        7316           1
        7327           1
        7332           2
        7344           2
        7349           2
        7350           2
        7353           2
        7362           2
        7366           2
        7383           1
        7393           2
        7399           2
        7401           1
        7406           2
        7411           2
        7416           1
        7417           2
        7446           2
        7449           2
        7450           2
        7451           2
        7452           1
        7463           1
        7467           1
        7474           1
        7479           2
        7496           2
        7512           2
        7513           1
        7519           1
        7527           1
        7534           2
        7535           1
        7544           2
        7549           2
        7556           1
        7557           1
        7571           1
        7572           2
        7576           2
        7579           1
        7581           2
        7610           1
        7617           1
        7621           1
        7624           1
        7631           1
        7642           2
        7643           2
        7651           1
        7653           1
        7667           2
        7673           2
        7684           2
        7694           2
        7695           1
        7703           1
        7705           2
        7709           1
        7711           2
        7720           1
        7738           2
        7739           2
        7751           1
        7753           2
        7791           2
        7792           2
        7807           1
        7811           1
        7824           2
        7836           1
        7848           2
        7863           1
        7869           2
        7872           1
        7877           2
        7880           1
        7886           1
        7890           1
        7891           1
        7901           2
        7908           2
        7919           2
        7948           2
        7955           1
        7968           1
        7998           1
        8009           1
        8016           1
        8017           1
        8023           2
        8026           1
        8027           1
        8032           2
        8055           1
        8077           2
        8078           2
        8102           2
        8104           1
        8114           2
        8127           1
        8135           1
        8137           2
        8141           1
        8160           1
        8171           2
        8202           1
        8208           2
        8217           2
        8241           2
        8245           2
        8275           1
        8282           1
        8292           2
        8295           2
        8300           1
        8303           2
        8316           1
        8319           2
        8337           1
        8365           1
        8369           1
        8386           1
        8391           2
        8398           1
        8402           1
        8417           1
        8430           2
        8432           1
        8435           2
        8436           1
        8443           1
        8450           2
        8464           2
        8467           2
        8486           1
        8509           2
        8511           1
        8531           1
        8536           2
        8543           2
        8545           1
        8548           2
        8549           1
        8560           1
        8573           1
        8575           1
        8589           1
        8590           1
        8592           1
        8601           2
        8604           2
        8608           1
        8619           1
        8624           2
        8629           1
        8635           1
        8641           2
        8643           2
        8658           2
        8670           1
        8677           1
        8679           2
        8687           2
        8690           2
        8691           1
        8697           1
        8699           1
        8718           1
        8720           2
        8726           1
        8783           2
        8784           2
        8815           2
        8821           2
        8823           1
        8826           2
        8833           1
        8835           1
        8855           1
        8858           1
        8860           1
        8862           1
        8876           1
        8892           2
        8903           1
        8910           2
        8920           1
        8930           1
        8933           1
        8935           1
        8938           1
        8941           1
        8944           1
        8958           1
        8964           2
        8968           2
        8970           1
        8980           1
        8995           1
        9006           1
        9012           1
        9013           2
        9042           2
        9045           1
        9063           1
        9067           1
        9081           1
        9086           1
        9087           1
        9097           1
        9107           1
        9108           2
        9117           1
        9125           2
        9127           2
        9128           2
        9133           1
        9138           1
        9140           1
        9145           1
        9156           1
        9163           1
        9170           1
        9179           2
        9182           1
        9183           1
        9194           1
        9203           2
        9216           2
        9222           2
        9228           1
        9244           2
        9248           1
        9257           2
        9258           2
        9271           1
        9280           2
        9290           2
        9291           2
        9303           1
        9320           1
        9324           2
        9352           2
        9359           1
        9366           2
        9376           2
        9387           1
        9426           1
        9431           2
        9433           1
        9464           1
        9471           2
        9481           1
        9482           1
        9510           1
        9516           2
        9530           1
        9534           2
        9548           2
        9570           1
        9592           2
        9614           2
        9615           2
        9626           2
        9642           1
        9651           1
        9653           1
        9655           2
        9682           2
        9687           1
        9692           2
        9701           2
        9707           2
        9709           1
        9717           2
        9720           2
        9721           1
        9733           2
        9738           1
        9739           1
        9753           1
        9754           2
        9758           2
        9759           2
        9761           1
        9770           2
        9794           2
        9796           1
        9797           1
        9805           1
        9822           2
        9833           2
        9844           2
        9845           2
        9874           1
        9878           2
        9888           2
        9905           2
        9915           1
        9918           2
        9928           2
        9942           1
        9944           1
        9945           2
        9946           1
        9970           1
        9975           2
        9978           1
        9979           2
        9982           2
        9994           2
       10014           2
       10026           1
       10031           2
       10047           1
       10067           1
       10068           1
       10101           2
       10103           1
       10120           2
       10135           1
       10140           2
       10149           1
       10170           1
       10181           2
       10196           2
       10220           1
       10249           1
       10261           2
       10273           1
       10275           1
       10277           2
       10305           2
       10359           2
       10360           2
       10381           2
       10396           2
       10457           2
       10465           1
       10472           1
       10511           2
       10560           1
       10587           1
       10591           1
       10594           1
       10617           1
       10621           2
       10659           1
       10683           2
       10725           1
       10731           1
       10736           2
       10756           1
       10762           2
       10785           2
       10806           2
       10830           2
       10842           1
       10862           1
       10868           3
       10875           2
       10879           1
       10889           1
       10896           2
       10901           2
       10919           2
       10933           2
       10960           2
       10969           2
       10975           2
       10996           2
       11001           2
       11009           1
       11025           1
       11031           1
       11032           1
       11033           2
       11051           2
       11054           2
       11055           2
       11060           1
       11062           2
       11067           1
       11068           1
       11080           2
       11094           2
       11110           2
       11126           2
       11129           2
       11132           1
       11134           2
       11136           1
       11142           2
       11147           1
       11148           1
       11151           1
       11156           2
       11166           1
       11169           1
       11171           1
       11174           2
       11196           1
       11197           2
       11207           1
       11209           2
       11221           2
       11230           1
       11232           2
       11233           2
       11243           2
       11246           1
       11260           2
       11265           2
       11273           2
       11275           1
       11281           2
       11287           2
       11302           1
       11303           2
       11304           2
       11306           1
       11312           2
       11315           1
       11317           1
       11318           1
       11322           2
       11324           2
       11325           2
       11327           2
       11329           2
       11334           2
       11337           1
       11343           1
       11349           2
       11359           1
       11361           1
       11366           2
       11367           1
       11376           1
       11380           1
       11384           3
       11386           2
       11399           2
       11402           2
       11407           1
       11408           2
       11414           1
       11417           1
       11419           2
       11423           1
       11429           2
       11430           2
       11432           2
       11438           2
       11441           1
       11442           1
       11455           2
       11464           2
       11468           1
       11469           1
       11470           1
       11472           1
       11474           2
       11475           1
       11483           1
       11486           2
       11490           2
       11491           2
       11493           2
       11503           2
       11506           2
       11508           1
       11510           1
       11512           2
       11515           3
       11519           2
       11521           2
       11522           2
       11523           1
       11528           1
       11532           2
       11538           1
       11542           1
       11552           1
       11557           3
       11559           2
       11566           1
       11574           2
       11583           2
       11586           2
       11588           2
       11593           1
       11597           2
       11600           2
       11609           2
       11613           1
       11614           2
       11616           2
       11620           2
       11621           1
       11627           2
       11628           2
       11630           2
       11633           1
       11636           2
       11637           1
       11639           1
       11642           2
       11643           1
       11645           1
       11646           1
       11648           2
       11654           2
       11656           2
       11657           1
       11661           1
       11662           2
       11664           1
       11665           1
       11678           1
       11683           1
       11693           1
       11695           1
       11698           1
       11700           2
       11703           2
       11705           1
       11706           2
       11708           1
       11709           1
       11713           1
       11714           2
       11717           3
       11718           1
       11720           1
       11722           2
       11723           1
       11724           1
       11725           1
       11733           2
       11735           2
       11736           1
       11739           2
       11740           2
       11742           1
       11743           2
       11749           1
       11752           2
       11762           1
       11765           1
       11766           2
       11767           2
       11768           2
       11769           1
       11773           1
       11775           1
       11776           1
       11781           1
       11788           2
       11791           2
       11793           1
       11794           1
       11801           1
       11802           1
       11805           2
       11806           2
       11807           1
       11817           2
       11820           2
       11822           2
       11823           2
       11827           3
       11829           2
       11832           2
       11833           1
       11834           2
       11835           2
       11838           2
       11839           1
       11840           3
       11845           1
       11850           2
       11852           1
       11853           1
       11854           2
       11856           1
       11857           1
       11859           2
       11860           2
       11861           2
       11866           2
       11869           1
       11870           1
       11871           1
       11873           1
       11874           2
       11876           2
       11877           2
       11878           1
       11881           2
       11884           1
       11885           3
       11886           1
       11887           2
       11888           2
       11889           1
       11894           1
       11898           2
       11902           2
       11903           2
       11904           2
       11905           1
       11909           2
       11911           1
       11914           1
       11916           1
       11917           2
       11918           1
       11919           1
       11922           2
       11927           3
       11928           2
       11929           2
       11932           1
       11933           2
       11935           1
       11937           2
       11940           1
       11943           1
       11944           1
       11945           1
       11949           2
       11951           1
       11954           1
       11956           1
       11960           2
       11961           1
       11967           2
       11968           1
       11971           1
       11973           1
       11974           1
       11975           1
       11976           2
       11988           1
       11992           1
       11994           2
       11995           2
       11996           2
       11997           2
       11999           1
       12000           2
       12003           2
       12009           2
       12010           1
       12011           1
       12013           3
       12014           3
       12016           2
       12018           2
       12019           2
       12020           3
       12022           3
       12023           2
       12025           2
       12027           1
       12032           2
       12033           1
       12036           1
       12038           1
       12039           1
       12042           2
       12043           2
       12045           1
       12047           2
       12048           2
       12049           1
       12051           1
       12053           1
       12055           2
       12059           1
       12061           1
       12063           2
       12066           2
       12068           2
       12071           1
       12072           1
       12074           2
       12076           3
       12077           1
       12079           1
       12080           2
       12081           1
       12082           1
       12084           2
       12086           1
       12087           1
       12088           2
       12089           2
       12091           2
       12092           2
       12093           1
       12096           2
       12098           2
       12099           2
       12101           1
       12103           1
       12105           2
       12106           2
       12109           1
       12110           1
       12111           1
       12113           2
       12117           2
       12119           2
       12120           2
       12123           2
       12126           2
       12127           1
       12129           2
       12130           1
       12133           2
       12134           2
       12135           2
       12136           2
       12138           2
       12140           1
       12141           2
       12142           1
       12144           2
       12145           1
       12147           1
       12150           2
       12151           3
       12152           3
       12153           2
       12157           2
       12158           1
       12159           1
       12160           3
       12163           2
       12164           2
       12165           1
       12167           2
       12168           2
       12170           2
       12171           2
       12172           2
       12176           2
       12177           2
       12179           1
       12182           1
       12186           1
       12188           2
       12190           1
       12191           2
       12193           2
       12195           2
       12200           2
       12202           1
       12203           3
       12206           2
       12208           1
       12212           2
       12215           1
       12216           1
       12220           2
       12221           2
       12222           2
       12223           2
       12224           2
       12225           1
       12228           2
       12229           2
       12230           2
       12232           2
       12234           1
       12235           2
       12237           2
       12238           1
       12239           1
       12240           2
       12241           2
       12242           1
       12245           1
       12246           3
       12247           2
       12248           2
       12249           1
       12250           1
       12251           1
       12253           2
       12254           2
       12257           2
       12258           1
       12260           2
       12261           2
       12270           1
       12273           2
       12274           1
       12275           1
       12278           1
       12283           2
       12284           3
       12286           2
       12292           1
       12297           1
       12300           2
       12307           2
       12308           2
       12309           1
       12313           2
       12316           1
       12317           1
       12321           2
       12322           2
       12323           1
       12328           2
       12331           2
       12341           2
       12344           2
       12352           2
       12355           2
       12356           1
       12357           1
       12358           2
       12363           1
       12364           3
       12367           2
       12369           2
       12370           2
       12374           1
       12377           2
       12378           1
       12380           1
       12385           2
       12387           2
       12388           1
       12389           2
       12392           2
       12394           1
       12397           1
       12398           2
       12402           2
       12403           2
       12404           1
       12405           1
       12406           2
       12410           2
       12411           2
       12413           2
       12415           1
       12418           3
       12419           1
       12420           2
       12421           2
       12422           1
       12423           3
       12424           2
       12427           2
       12429           2
       12430           1
       12434           1
       12436           1
       12437           2
       12438           2
       12440           1
       12441           1
       12442           1
       12443           2
       12447           2
       12448           2
       12449           2
       12451           2
       12452           2
       12453           2
       12454           1
       12455           1
       12457           1
       12458           1
       12462           2
       12467           1
       12470           2
       12471           2
       12472           2
       12473           1
       12475           2
       12477           1
       12478           1
       12480           1
       12483           1
       12484           2
       12485           3
       12488           1
       12489           1
       12493           2
       12494           2
       12495           2
       12497           2
       12499           1
       12500           2
       12501           2
       12503           2
       12508           2
       12509           1
       12510           1
       12515           1
       12518           1
       12519           1
       12522           1
       12524           2
       12525           2
       12528           2
       12529           3
       12532           2
       12533           2
       12541           2
       12542           1
       12543           1
       12545           2
       12546           1
       12548           1
       12550           2
       12553           2
       12555           2
       12558           2
       12559           1
       12561           3
       12563           1
       12566           1
       12569           2
       12570           1
       12571           1
       12572           2
       12574           2
       12576           2
       12577           2
       12579           1
       12580           1
       12586           1
       12587           2
       12589           2
       12591           1
       12592           1
       12593           1
       12594           2
       12595           2
       12596           2
       12597           1
       12598           1
       12599           2
       12600           1
       12602           2
       12605           1
       12618           1
       12619           1
       12621           2
       12622           2
       12628           2
       12631           1
       12634           1
       12636           2
       12637           1
       12639           2
       12641           1
       12643           1
       12644           1
       12648           1
       12650           2
       12653           2
       12655           2
       12659           1
       12662           1
       12667           1
       12672           2
       12673           1
       12676           1
       12680           1
       12683           2
       12684           2
       12685           1
       12687           1
       12689           1
       12690           1
       12692           1
       12697           2
       12699           3
       12703           2
       12704           1
       12705           1
       12709           1
       12710           2
       12711           1
       12720           1
       12722           2
       12724           2
       12727           2
       12730           3
       12731           2
       12733           1
       12735           1
       12736           2
       12740           2
       12741           2
       12742           2
       12746           1
       12747           2
       12748           1
       12749           1
       12750           1
       12751           1
       12753           2
       12755           2
       12757           1
       12758           1
       12759           2
       12760           3
       12762           1
       12763           1
       12764           2
       12766           2
       12767           1
       12768           1
       12769           2
       12771           1
       12773           2
       12776           1
       12778           1
       12781           2
       12783           2
       12784           2
       12786           2
       12787           1
       12788           1
       12790           1
       12792           2
       12794           1
       12795           1
       12798           2
       12800           2
       12802           1
       12805           1
       12806           3
       12807           1
       12811           2
       12813           1
       12815           2
       12819           2
       12821           1
       12822           1
       12823           2
       12825           3
       12827           1
       12829           2
       12830           2
       12831           2
       12832           1
       12836           2
       12837           1
       12839           2
       12840           2
       12842           1
       12843           2
       12845           1
       12846           1
       12849           2
       12853           1
       12854           1
       12855           1
       12856           2
       12858           1
       12859           2
       12861           2
       12862           3
       12863           2
       12864           1
       12865           2
       12866           1
       12867           2
       12869           2
       12873           2
       12874           1
       12875           1
       12877           2
       12879           2
       12880           1
       12881           1
       12882           2
       12883           3
       12885           1
       12886           2
       12887           1
       12888           2
       12889           1
       12891           2
       12893           2
       12898           2
       12899           1
       12900           3
       12902           2
       12904           1
       12905           2
       12906           1
       12907           2
       12909           1
       12910           3
       12911           2
       12912           3
       12913           2
       12915           2
       12916           1
       12917           1
       12918           2
       12920           1
       12921           2
       12922           1
       12923           2
       12924           1
       12926           2
       12927           2
       12928           1
       12929           2
       12930           2
       12931           2
       12932           2
       12934           2
       12935           2
       12936           1
       12938           1
       12939           1
       12940           3
       12941           1
       12943           2
       12944           1
       12945           2
       12947           1
       12948           1
       12949           1
       12950           2
       12953           1
       12954           2
       12957           1
       12959           2
       12960           1
       12961           3
       12963           2
       12965           3
       12966           1
       12968           2
       12970           3
       12971           2
       12972           2
       12973           1
       12974           2
       12975           1
       12978           1
       12979           3
       12980           2
       12981           1
       12982           1
       12983           1
       12985           1
       12986           3
       12988           2
       12990           1
       12991           3
       12992           3
       12993           2
       12994           2
       12995           1
       12996           1
       12997           2
       12998           2
       13000           1
       13002           1
       13003           2
       13004           1
       13007           2
       13008           1
       13010           1
       13011           1
       13012           1
       13013           2
       13016           2
       13018           2
       13019           2
       13021           1
       13022           1
       13023           2
       13024           2
       13025           3
       13027           2
       13028           1
       13029           1
       13031           1
       13032           2
       13033           1
       13035           2
       13036           2
       13041           1
       13042           1
       13044           2
       13045           1
       13047           1
       13052           2
       13053           2
       13055           2
       13057           1
       13062           3
       13064           3
       13065           1
       13068           1
       13070           1
       13077           2
       13078           2
       13079           2
       13080           2
       13081           1
       13083           2
       13087           2
       13089           2
       13092           1
       13093           2
       13094           2
       13097           2
       13099           2
       13101           2
       13102           3
       13104           1
       13106           1
       13107           2
       13108           2
       13110           2
       13112           1
       13113           1
       13115           1
       13117           1
       13122           1
       13125           2
       13128           1
       13130           1
       13138           1
       13139           1
       13141           2
       13143           2
       13144           1
       13145           1
       13146           1
       13148           2
       13149           2
       13150           3
       13151           2
       13152           1
       13153           1
       13157           2
       13158           2
       13159           1
       13160           1
       13161           2
       13162           1
       13163           3
       13164           3
       13165           2
       13166           2
       13169           1
       13172           1
       13173           1
       13174           2
       13175           2
       13176           2
       13177           2
       13178           1
       13182           1
       13184           1
       13185           1
       13187           3
       13188           1
       13189           2
       13190           3
       13192           2
       13193           2
       13195           3
       13196           1
       13197           2
       13200           2
       13201           3
       13202           1
       13204           2
       13205           1
       13206           2
       13207           1
       13208           2
       13210           1
       13213           1
       13214           1
       13218           1
       13219           2
       13220           1
       13222           2
       13223           1
       13228           2
       13229           2
       13230           1
       13232           2
       13233           2
       13234           2
       13237           1
       13238           2
       13241           2
       13242           3
