440
56 2 308 309 2
83 2 274 275 2
84 2 88 87 1
87 2 258 259 2
124 2 48 49 1
128 2 336 335 3
131 2 179 180 4
198 2 384 383 3
208 2 285 286 2
237 2 180 181 4
246 2 144 143 4
334 2 248 249 2
501 2 53 54 1
582 2 226 227 2
601 2 388 389 3
717 2 38 39 1
719 2 260 261 2
1159 2 245 246 2
1726 2 192 193 4
1994 2 190 191 4
2089 2 174 175 4
2119 2 292 293 2
2140 2 398 399 3
2589 2 280 281 2
2618 2 171 172 4
2798 2 200 201 4
3168 2 314 315 2
3255 2 385 386 3
3260 2 169 170 4
3261 2 278 279 2
3262 2 387 388 3
3265 2 56 55 1
3266 2 273 274 2
3267 2 382 383 3
3270 2 172 173 4
3271 2 390 391 3
3272 2 281 282 2
3278 2 161 162 4
3281 2 284 285 2
3282 2 393 394 3
3284 2 56 57 1
3285 2 162 163 4
3287 2 272 271 2
3292 2 396 397 3
3293 2 178 179 4
3307 2 267 268 2
3318 2 290 291 2
3319 2 400 399 3
3328 2 264 265 2
3349 2 293 294 2
3360 2 262 263 2
3364 2 44 45 1
3365 2 43 44 1
3366 2 261 262 2
3380 2 394 395 3
3384 2 296 297 2
3385 2 187 188 4
3390 2 259 260 2
3391 2 368 369 3
3414 2 80 81 1
3415 2 189 190 4
3416 2 298 299 2
3417 2 408 407 3
3419 2 37 38 1
3420 2 144 145 4
3421 2 148 149 4
3422 2 40 39 1
3423 2 253 254 2
3424 2 256 255 2
3425 2 257 258 2
3426 2 360 359 3
3427 2 362 363 3
3428 2 364 365 3
3429 2 366 367 3
3432 2 198 199 4
3433 2 307 308 2
3434 2 416 417 3
3438 2 400 401 3
3441 2 86 87 1
3442 2 304 305 2
3443 2 413 414 3
3453 2 288 289 2
3454 2 84 85 1
3455 2 193 194 4
3456 2 411 412 3
3457 2 302 303 2
3462 2 82 83 1
3463 2 192 191 4
3464 2 300 301 2
3508 2 294 295 2
3509 2 291 292 2
3639 2 251 252 2
3750 2 417 418 3
3762 2 357 358 3
3812 2 173 174 4
3816 2 168 169 4
3817 2 277 278 2
3818 2 386 387 3
3837 2 395 396 3
3857 2 289 290 2
3872 2 401 402 3
3877 2 42 43 1
3878 2 369 370 3
3883 2 163 164 4
3888 2 297 298 2
3889 2 406 407 3
3893 2 272 273 2
3897 2 188 189 4
3898 2 80 79 1
3900 2 368 367 3
3904 2 36 37 1
3905 2 147 148 4
3906 2 254 255 2
3907 2 256 257 2
3908 2 365 366 3
3909 2 363 364 3
3911 2 81 82 1
3914 2 304 303 2
3915 2 412 413 3
3916 2 194 195 4
3917 2 85 86 1
3918 2 299 300 2
3919 2 83 84 1
3920 2 54 55 1
3923 2 301 302 2
3924 2 410 411 3
3929 2 296 295 2
3932 2 264 263 2
3934 2 57 58 1
3951 2 397 398 3
3961 2 384 385 3
3973 2 45 46 1
3996 2 252 253 2
4009 2 356 357 3
4010 2 419 420 3
4026 2 312 311 2
4030 2 195 196 4
4061 2 33 34 1
4078 2 420 421 3
4125 2 358 359 3
4170 2 238 239 2
4179 2 200 199 4
4189 2 235 236 2
4202 2 418 419 3
4261 2 342 343 3
4300 2 136 137 4
4302 2 27 28 1
4315 2 137 138 4
4324 2 28 29 1
4360 2 433 434 3
4398 2 132 133 4
4426 2 350 351 3
4446 2 208 207 4
4449 2 392 391 3
4457 2 228 229 2
4467 2 98 99 1
4468 2 241 242 2
4484 2 430 431 3
4490 2 345 346 3
4569 2 17 18 1
4580 2 104 105 1
4591 2 99 100 1
4597 2 421 422 3
4606 2 312 313 2
4607 2 120 121 4
4632 2 353 354 3
4633 2 26 27 1
4634 2 244 245 2
4635 2 96 95 1
4636 2 136 135 4
4637 2 313 314 2
4638 2 422 423 3
4642 2 338 339 3
4644 2 349 350 3
4645 2 340 341 3
4649 2 131 132 4
4655 2 240 241 2
4657 2 392 393 3
4668 2 352 351 3
4669 2 242 243 2
4670 2 133 134 4
4675 2 97 98 1
4676 2 315 316 2
4677 2 424 425 3
4681 2 352 353 3
4683 2 424 423 3
4692 2 344 345 3
4694 2 243 244 2
4695 2 134 135 4
4697 2 208 209 4
4698 2 96 97 1
4701 2 104 103 1
4702 2 229 230 2
4703 2 432 431 3
4711 2 348 349 3
4712 2 130 131 4
4714 2 120 119 4
4715 2 337 338 3
4716 2 346 347 3
4717 2 237 238 2
4719 2 19 20 1
4720 2 128 129 4
4721 2 347 348 3
4727 2 20 21 1
4728 2 100 101 1
4729 2 209 210 4
4733 2 320 321 2
4734 2 211 212 4
4735 2 429 430 3
4736 2 320 319 2
4737 2 428 429 3
4738 2 101 102 1
4739 2 210 211 4
4741 2 341 342 3
4742 2 232 233 2
4743 2 16 17 1
4744 2 105 106 1
4745 2 214 215 4
4746 2 232 231 2
4747 2 14 15 1
4748 2 106 107 1
4749 2 107 108 1
4750 2 216 215 4
4751 2 216 217 4
4752 2 434 435 3
4753 2 16 15 1
4754 2 13 14 1
4755 2 108 109 1
4756 2 326 327 2
4757 2 217 218 4
4758 2 435 436 3
4759 2 339 340 3
4760 2 230 231 2
4761 2 122 123 4
4762 2 12 13 1
4763 2 121 122 4
4764 2 218 219 4
4765 2 227 228 2
4766 2 336 337 3
4767 2 330 331 2
4768 2 118 119 4
4769 2 221 222 4
4770 2 222 223 4
4771 2 117 118 4
4826 2 236 237 2
4856 2 432 433 3
4862 2 170 171 4
4872 2 344 343 3
4896 2 129 130 4
4901 2 102 103 1
4904 2 280 279 2
4911 2 240 239 2
4925 2 18 19 1
9753 2 316 317 2
9759 2 46 47 1
9918 2 62 63 1
9978 2 234 235 2
10360 2 48 47 1
10472 2 233 234 2
10560 2 158 159 4
10683 2 72 71 1
10868 2 9 10 1
10879 2 184 185 4
10996 2 360 361 3
11025 2 283 284 2
11055 2 426 427 3
11067 2 306 307 2
11068 2 286 287 2
11207 2 146 147 4
11230 2 325 326 2
11265 2 354 355 3
11303 2 66 67 1
11322 2 416 415 3
11337 2 220 221 4
11343 2 305 306 2
11366 2 377 378 3
11407 2 125 126 4
11414 2 250 251 2
11417 2 328 327 2
11419 2 67 68 1
11464 2 361 362 3
11474 2 58 59 1
11508 2 196 197 4
11510 2 282 283 2
11521 2 427 428 3
11542 2 288 287 2
11559 2 409 410 3
11566 2 157 158 4
11586 2 110 111 1
11609 2 425 426 3
11637 2 275 276 2
11657 2 155 156 4
11661 2 177 178 4
11678 2 145 146 4
11708 2 184 183 4
11709 2 324 325 2
11720 2 182 183 4
11739 2 60 61 1
11742 2 203 204 4
11749 2 318 319 2
11766 2 355 356 3
11768 2 90 91 1
11793 2 213 214 4
11827 2 331 332 2
11832 2 21 22 1
11866 2 414 415 3
11871 2 268 269 2
11878 2 219 220 4
11904 2 69 70 1
11905 2 140 141 4
11914 2 249 250 2
11916 2 152 153 4
11927 2 438 439 3
11928 2 437 438 3
11933 2 371 372 3
11937 2 376 377 3
11954 2 270 271 2
11971 2 160 159 4
11973 2 206 207 4
11974 2 150 151 4
11976 2 32 33 1
12013 2 8 9 1
12025 2 405 406 3
12032 2 50 51 1
12045 2 309 310 2
12077 2 266 267 2
12084 2 380 381 3
12092 2 59 60 1
12098 2 24 25 1
12101 2 185 186 4
12109 2 166 167 4
12123 2 35 36 1
12127 2 248 247 2
12136 2 72 73 1
12138 2 11 12 1
12145 2 202 203 4
12147 2 176 177 4
12151 2 4 333 2
12151 2 4 334 3
12152 2 1 7 1
12152 2 224 1 4
12153 2 24 23 1
12160 2 112 111 1
12164 2 64 63 1
12168 2 403 404 3
12179 2 323 324 2
12190 2 197 198 4
12203 2 440 439 3
12208 2 139 140 4
12222 2 41 42 1
12223 2 77 78 1
12224 2 373 374 3
12229 2 51 52 1
12230 2 92 93 1
12232 2 30 31 1
12234 2 123 124 4
12261 2 74 75 1
12284 2 442 3 3
12284 2 3 116 4
12286 2 408 409 3
12307 2 109 110 1
12309 2 126 127 4
12352 2 75 76 1
12356 2 276 277 2
12380 2 156 157 4
12389 2 68 69 1
12427 2 381 382 3
12434 2 152 151 4
12438 2 65 66 1
12440 2 181 182 4
12442 2 328 329 2
12467 2 204 205 4
12471 2 61 62 1
12477 2 317 318 2
12483 2 128 127 4
12497 2 89 90 1
12503 2 372 373 3
12518 2 212 213 4
12548 2 160 161 4
12550 2 22 23 1
12569 2 378 379 3
12580 2 164 165 4
12589 2 76 77 1
12599 2 376 375 3
12605 2 186 187 4
12628 2 94 95 1
12643 2 141 142 4
12653 2 70 71 1
12684 2 436 437 3
12697 2 370 371 3
12735 2 269 270 2
12757 2 165 166 4
12759 2 91 92 1
12760 2 225 226 2
12762 2 205 206 4
12768 2 149 150 4
12773 2 32 31 1
12806 2 329 330 2
12821 2 321 322 2
12829 2 88 89 1
12836 2 404 405 3
12839 2 49 50 1
12845 2 153 154 4
12853 2 310 311 2
12904 2 142 143 4
12905 2 379 380 3
12906 2 265 266 2
12910 2 332 333 2
12912 2 8 7 1
12918 2 25 26 1
12936 2 168 167 4
12954 2 34 35 1
12957 2 246 247 2
12970 2 10 11 1
12972 2 389 390 3
12974 2 73 74 1
12979 2 2 115 1
12979 2 225 2 2
12985 2 201 202 4
12986 2 116 117 4
12990 2 176 175 4
12991 2 334 335 3
12992 2 224 223 4
13007 2 64 65 1
13010 2 322 323 2
13025 2 440 441 3
13029 2 138 139 4
13033 2 154 155 4
13064 2 113 114 1
13077 2 52 53 1
13079 2 374 375 3
13083 2 93 94 1
13092 2 124 125 4
13094 2 29 30 1
13099 2 40 41 1
13110 2 78 79 1
13143 2 402 403 3
13150 2 112 113 1
13195 2 441 442 3
13242 2 114 115 1
