   1.00056672         8.99617672E-02
   1.05712223        0.352350265    
   1.11367774        0.802159071    
   1.17023337         2.44396138    
   1.22678888         5.41269970    
   1.28334439         6.70215178    
   1.33989990         6.19236803    
   1.39645553         6.73213863    
   1.45301104         12.2722845    
   1.50956655         25.1593075    
   1.56612206         15.3459778    
   1.62267756         7.36187124    
   1.67923307         4.15323496    
   1.73578870         2.63138175    
   1.79234421         1.93417799    
   1.84889972         1.37191689    
   1.90545523        0.479796082    
   1.96201086        0.322362989    
   2.01856637        0.217407599    
   2.07512188         2.24904418E-02
