   2.10853481        0.253164560    
   2.20435715         1.01265824    
   2.30017948         1.26582277    
   2.39600182         3.92405057    
   2.49182439         4.30379725    
   2.58764696         4.68354416    
   2.68346930         7.46835423    
   2.77929163         4.17721510    
   2.87511420         7.46835423    
   2.97093654         9.62025356    
   3.06675911         23.1645565    
   3.16258144         7.84810114    
   3.25840378         7.72151899    
   3.35422635         4.30379725    
   3.45004892         4.81012678    
   3.54587126         3.16455698    
   3.64169359         1.64556956    
   3.73751616         1.77215195    
   3.83333850         1.01265824    
   3.92916107        0.379746825    
